mutant	GAP_conc	sensor_conc	kcat	Km	conc	individual_kcat_Km	mean_kcat	mean_Km	mean_kcat_Km	kcat_sd	Km_sd	kcat_se	Km_se	sd	se	combined_sd	combined_se
F159L	1	20	7.802783767	0.1498273391	4.955619233	52.07850458982088	9.1149376385	0.2156653811	44.559615911050074	1.8556658009956635	0.09310905191648944	1.3121538715	0.06583804199999999	10.633314343491202	7.518888678770811	21.269320234039515	15.039680568717586
F159L	1	20	10.42709151	0.2815034231	6.352658375	37.04072723227926	9.1149376385	0.2156653811	44.559615911050074	1.8556658009956635	0.09310905191648944	1.3121538715	0.06583804199999999	10.633314343491202	7.518888678770811	21.269320234039515	15.039680568717586
F159W	1	20	3.683311254	1.480020673	0.6223908029	2.488689057656156	12.194720402	5.2641140805	2.3885562181301347	12.03695025200803	5.351516218173118	8.511409148	3.7840934074999995	0.14160921969662768	0.10013283952602103	3.384487805290341	2.3931942779639757
F159W	1	20	20.70612955	9.048207488	3.091511671	2.2884233786041137	12.194720402	5.2641140805	2.3885562181301347	12.03695025200803	5.351516218173118	8.511409148	3.7840934074999995	0.14160921969662768	0.10013283952602103	3.384487805290341	2.3931942779639757
F163L	1	20	4.546991495	0.1229145044	3.965471214	36.99312393761725	5.6107575050000005	0.17724560145	32.90760495852462	1.504392318533513	0.07683577430671887	1.0637660099999997	0.054331097050000006	5.777796349565476	4.085518979092628	16.773619196798045	11.860739879096748
F163L	1	20	6.674523515	0.2315766985	5.668025873	28.822085979431993	5.6107575050000005	0.17724560145	32.90760495852462	1.504392318533513	0.07683577430671887	1.0637660099999997	0.054331097050000006	5.777796349565476	4.085518979092628	16.773619196798045	11.860739879096748
F28V	1	20	5.196913709	0.1527065928	2.834122	34.03201927114178	4.228000866	0.07918967628750001	304.27372477475984	1.3702496833280737	0.10396862039582805	0.9689128430000002	0.0735169165125	382.1794850420526	270.2417055036181	411.47401149344506	290.9560638090464
F28V	1	20	3.259088023	0.005672759775	3.9892363	574.515430278378	4.228000866	0.07918967628750001	304.27372477475984	1.3702496833280737	0.10396862039582805	0.9689128430000002	0.0735169165125	382.1794850420526	270.2417055036181	411.47401149344506	290.9560638090464
F28Y	1	20	8.197885926	0.2161902299	1.6886615	37.919779861430264	6.3670210285	0.14880516076	46.81638112806562	2.589233968917326	0.09529687867923671	1.8308648974999997	0.06738506914	12.581694170301379	8.896601266635358	35.51586144373696	25.11350646654825
F28Y	1	20	4.536156131	0.08142009162	1.8635438	55.71298239470098	6.3670210285	0.14880516076	46.81638112806562	2.589233968917326	0.09529687867923671	1.8308648974999997	0.06738506914	12.581694170301379	8.896601266635358	35.51586144373696	25.11350646654825
F54A	1	20	10.98141268	0.1905503289	3.938159978	57.62998543950558	12.61902397	0.2480654082	52.14212884784081	2.315932096213299	0.08133860518702404	1.6376112899999997	0.057515079299999994	7.761001220290905	5.4878565916647695	19.592899103370584	13.854271819097168
F54A	1	20	14.25663526	0.3055804875	4.791751819	46.65427225617604	12.61902397	0.2480654082	52.14212884784081	2.315932096213299	0.08133860518702404	1.6376112899999997	0.057515079299999994	7.761001220290905	5.4878565916647695	19.592899103370584	13.854271819097168
F54K	1	20	10.40757783	0.2377749297	1.975917128	43.770711416595574	13.518026185	0.2828194544	47.24415630854342	4.398838248702083	0.06370257774138986	3.110448355	0.04504452469999999	4.912192874348189	3.4734448919478425	18.697123324445084	13.220862691396283
F54K	1	20	16.62847454	0.3278639791	3.047535953	50.71760120049126	13.518026185	0.2828194544	47.24415630854342	4.398838248702083	0.06370257774138986	3.110448355	0.04504452469999999	4.912192874348189	3.4734448919478425	18.697123324445084	13.220862691396283
F54W	1	20	11.44124334	0.4024660276	2.167095778	28.427848701235323	14.648773245	0.50129081835	29.091310373603545	4.536132293368285	0.13975935937733316	3.2075299049999995	0.09882479074999997	0.9382764951778736	0.6634616723682214	12.121615883646802	8.571276790265218
F54W	1	20	17.85630315	0.6001156091	4.107119317	29.754772045971766	14.648773245	0.50129081835	29.091310373603545	4.536132293368285	0.13975935937733316	3.2075299049999995	0.09882479074999997	0.9382764951778736	0.6634616723682214	12.121615883646802	8.571276790265218
G35A	1	20	32.39485138	0.9790145406	5.07782544	33.089244374395555	31.50808986	0.8966892066500001	35.34538764752933	1.2540701681745785	0.11642560379898424	0.8867615199999985	0.08232533395000002	3.190668415522608	2.256143273133773	4.800007224640144	3.3941176582874655
G35A	1	20	30.62132834	0.8143638727	4.94497248	37.6015309206631	31.50808986	0.8966892066500001	35.34538764752933	1.2540701681745785	0.11642560379898424	0.8867615199999985	0.08232533395000002	3.190668415522608	2.256143273133773	4.800007224640144	3.3941176582874655
G35D	1	20	25.56909494	0.4562358965	5.596738919	56.04358433028296	26.86047145	0.50730191375	53.230840175457814	1.8262821745720363	0.07221825417132845	1.291376510000001	0.05106601725000001	3.9778209312393664	2.8127441548251433	8.39774604674284	5.9381031763343834
G35D	1	20	28.15184796	0.558367931	5.105136676	50.418096020632674	26.86047145	0.50730191375	53.230840175457814	1.8262821745720363	0.07221825417132845	1.291376510000001	0.05106601725000001	3.9778209312393664	2.8127441548251433	8.39774604674284	5.9381031763343834
WT	1	20	10.69340436	0.2728471828	4.1139931	39.19191779905012	21.84308211333333	0.4299972080333333	49.229439467721186	9.796070184651835	0.147969094366211	5.655763758109204	0.08542999646407706	9.179031559765749	5.2995163419308255	27.828600422737352	16.066849945237944
WT	1	20	25.76670763	0.450496795	5.501381045	57.196206312633144	21.84308211333333	0.4299972080333333	49.229439467721186	9.796070184651835	0.147969094366211	5.655763758109204	0.08542999646407706	9.179031559765749	5.2995163419308255	27.828600422737352	16.066849945237944
WT	1	20	29.06913435	0.5666476463	4.79591794	51.30019429148029	21.84308211333333	0.4299972080333333	49.229439467721186	9.796070184651835	0.147969094366211	5.655763758109204	0.08542999646407706	9.179031559765749	5.2995163419308255	27.828600422737352	16.066849945237944
