plate	well	prot	fin.Ran.conc	Ran.volume	sensor.V	Ran.premix.buffer.volume	GAP.stock	GAP.working	Ran.premix.to.add	GAP.V	date
1	A1	WT	5	4.83	19.36	86	10	1	90	10	20201117
1	A2	WT	5	4.83	19.36	86	10	1	90	10	20201117
1	A3	F28V	5	13.9	19.36	77	10	1	90	10	20201117
1	A4	F28V	5	13.9	19.36	77	10	1	90	10	20201117
1	A5	F28V	10	27.79	48.4	34	10	1	90	10	20201117
1	A6	F28V	10	27.79	48.4	34	10	1	90	10	20201117
1	A7	F28Y	5	9.64	19.36	81	10	1	90	10	20201117
1	A8	F28Y	5	9.64	19.36	81	10	1	90	10	20201117
1	A9	F28Y	10	19.28	48.4	42	10	1	90	10	20201117
1	A10	F28Y	10	19.28	48.4	42	10	1	90	10	20201117
