

Software Version	3.03.14



Experiment File Path:	C:\Users\Public\Documents\Experiments\CJM\2020-11-17-GAP_assay.xpt
Protocol File Path:	C:\Users\Public\Documents\Protocols\Tina\GAP_sensor_assay.prt



Plate Number	Plate 1
Date	11/17/2020
Time	5:56:00 PM
Reader Type:	Synergy H1
Reader Serial Number:	1803011C
Reading Type	Reader

Procedure Details

Plate Type	Costar 96 well half area
Set Temperature	Setpoint 30°C
Start Kinetic	Runtime 1:00:00 (HH:MM:SS), Interval 0:00:05, 721 Reads
    Read	Fluorescence Endpoint
	A1..A10
	Filter Set 1
	    Excitation: 425,  Emission: 457
	    Optics: Bottom,  Gain: 57
	Light Source: Xenon Flash,  Lamp Energy: High
	Read Speed: Normal,  Delay: 0 msec,  Measurements/Data Point: 5
	Read Height: 7 mm
End Kinetic	

Layout
	1	2	3	4	5	6	7	8	9	10	11	12
A	SPL1	SPL2	SPL3	SPL4	SPL5	SPL6	SPL7	SPL8	SPL9	SPL10			Well ID
B													Well ID
C													Well ID
D													Well ID
E													Well ID
F													Well ID
G													Well ID
H													Well ID

425,457

Time	T° 425,457	A1	A2	A3	A4	A5	A6	A7	A8	A9	A10
0:00:00	30.0	5141	4848	4773	4550	6717	6602	4573	4326	6552	6315
0:00:05	30.0	5256	4771	4813	4578	6685	6634	4672	4285	6604	6343
0:00:10	29.9	5346	4784	4915	4571	6627	6588	4764	4295	6573	6278
0:00:15	30.0	5480	4758	4927	4522	6763	6609	4788	4273	6607	6276
0:00:20	30.0	5589	4768	5014	4603	6755	6628	4836	4318	6681	6279
0:00:25	30.0	5730	4754	5041	4572	6817	6591	4996	4302	6720	6332
0:00:30	30.0	5883	4785	5110	4572	6792	6580	5027	4323	6796	6318
0:00:35	30.0	5923	4778	5186	4525	6814	6630	5039	4331	6811	6286
0:00:40	30.0	6061	4790	5251	4571	6944	6577	5246	4350	6901	6274
0:00:45	30.0	6255	4793	5288	4575	6956	6578	5240	4343	6890	6350
0:00:50	30.0	6353	4786	5372	4571	6953	6591	5373	4340	6929	6266
0:00:55	30.0	6488	4785	5353	4545	7000	6590	5403	4267	7066	6290
0:01:00	30.0	6538	4786	5376	4525	6988	6580	5534	4365	7055	6261
0:01:05	30.0	6731	4770	5473	4552	7091	6582	5563	4323	7059	6292
0:01:10	30.0	6858	4787	5502	4574	7068	6665	5610	4319	7104	6322
0:01:15	30.0	6974	4810	5606	4549	7081	6596	5721	4331	7133	6268
0:01:20	30.0	7099	4836	5644	4646	7157	6589	5805	4341	7132	6262
0:01:25	30.0	7256	4808	5736	4590	7111	6608	5868	4369	7261	6303
0:01:30	30.0	7339	4843	5730	4586	7177	6542	5919	4356	7275	6306
0:01:35	30.0	7390	4832	5822	4560	7233	6553	6053	4380	7310	6308
0:01:40	30.0	7644	4854	5896	4626	7259	6575	6131	4361	7383	6265
0:01:45	30.0	7642	4821	5907	4552	7314	6603	6227	4340	7499	6249
0:01:50	30.0	7790	4857	5956	4554	7362	6574	6257	4394	7507	6285
0:01:55	30.0	7940	4889	6145	4644	7324	6600	6295	4413	7609	6330
0:02:00	30.0	8066	4863	6097	4588	7323	6605	6419	4367	7598	6272
0:02:05	30.0	8214	4839	6215	4609	7397	6571	6533	4374	7659	6327
0:02:10	30.0	8267	4859	6280	4592	7392	6551	6611	4400	7630	6323
0:02:15	30.0	8419	4866	6326	4606	7455	6583	6638	4404	7743	6385
0:02:20	30.0	8535	4847	6408	4624	7485	6647	6702	4406	7858	6310
0:02:25	30.0	8643	4827	6494	4595	7499	6572	6782	4434	7867	6333
0:02:30	30.0	8826	4843	6516	4590	7583	6574	6892	4444	7855	6356
0:02:35	30.0	8879	4794	6588	4594	7563	6642	6996	4407	7980	6356
0:02:40	30.0	9002	4836	6682	4586	7655	6622	7031	4400	8117	6308
0:02:45	30.0	9166	4847	6738	4581	7678	6581	7143	4449	8115	6301
0:02:50	29.9	9333	4836	6813	4618	7692	6593	7168	4386	8165	6346
0:02:55	29.9	9390	4898	6826	4616	7746	6605	7227	4441	8164	6346
0:03:00	30.0	9498	4857	6951	4581	7752	6639	7344	4458	8243	6308
0:03:05	30.0	9613	4835	6950	4585	7788	6608	7421	4445	8250	6354
0:03:10	30.0	9777	4851	6978	4614	7868	6548	7427	4432	8297	6354
0:03:15	30.0	9920	4816	7052	4635	7906	6660	7442	4469	8335	6333
0:03:20	30.0	9873	4831	7109	4628	7883	6629	7554	4444	8394	6315
0:03:25	30.0	10097	4853	7164	4624	7957	6606	7611	4419	8458	6330
0:03:30	30.0	10261	4879	7249	4590	7899	6652	7631	4418	8500	6321
0:03:35	30.0	10354	4818	7246	4619	8016	6724	7705	4429	8518	6281
0:03:40	30.0	10491	4836	7295	4594	8133	6677	7737	4390	8581	6322
0:03:45	30.0	10596	4859	7374	4634	7985	6634	7731	4402	8714	6357
0:03:50	30.1	10722	4850	7455	4635	8104	6641	7860	4447	8694	6295
0:03:55	30.1	10788	4769	7501	4628	8085	6747	7908	4391	8797	6326
0:04:00	30.0	10946	4800	7494	4604	8179	6681	7941	4406	8844	6325
0:04:05	30.0	11044	4786	7602	4606	8196	6605	7906	4417	8860	6301
0:04:10	30.0	11175	4803	7634	4602	8183	6669	7910	4364	8876	6274
0:04:15	30.0	11295	4875	7627	4615	8159	6634	8089	4375	8929	6364
0:04:20	30.0	11384	4875	7715	4640	8286	6634	8031	4360	8979	6279
0:04:25	30.0	11506	4851	7834	4607	8377	6683	8041	4411	9113	6290
0:04:30	30.0	11586	4813	7761	4617	8314	6734	8075	4375	9092	6293
0:04:35	30.0	11751	4772	7909	4581	8417	6647	8178	4376	9138	6296
0:04:40	30.0	11888	4796	7886	4577	8459	6678	8135	4373	9244	6341
0:04:45	30.0	11896	4781	8049	4598	8510	6640	8266	4388	9230	6302
0:04:50	30.0	12041	4795	8021	4578	8386	6697	8238	4383	9303	6286
0:04:55	30.0	12192	4808	8059	4604	8509	6656	8264	4381	9323	6342
0:05:00	30.0	12350	4818	8121	4592	8581	6690	8286	4331	9476	6269
0:05:05	30.0	12366	4816	8146	4596	8636	6641	8310	4426	9451	6245
0:05:10	30.0	12500	4781	8245	4608	8589	6668	8235	4379	9545	6324
0:05:15	30.0	12635	4801	8307	4579	8673	6690	8310	4361	9587	6318
0:05:20	30.0	12730	4782	8358	4584	8747	6696	8303	4349	9644	6286
0:05:25	30.0	12802	4794	8381	4615	8775	6673	8337	4354	9642	6252
0:05:30	30.0	12826	4807	8485	4573	8705	6594	8324	4357	9659	6282
0:05:35	30.0	12921	4820	8526	4615	8892	6682	8274	4349	9774	6291
0:05:40	30.0	13134	4835	8651	4581	8858	6620	8343	4351	9835	6342
0:05:45	30.0	13123	4807	8605	4611	8830	6659	8304	4336	9848	6335
0:05:50	30.0	13208	4794	8727	4560	8982	6672	8358	4357	9915	6270
0:05:55	30.0	13344	4811	8684	4630	8958	6680	8383	4337	9941	6261
0:06:00	30.0	13621	4831	8758	4646	9002	6639	8413	4364	9901	6346
0:06:05	30.0	13589	4834	8912	4574	9016	6722	8422	4335	10010	6298
0:06:10	30.0	13760	4788	8857	4566	9053	6684	8396	4346	10086	6291
0:06:15	30.0	13648	4792	8946	4642	9095	6637	8417	4361	10149	6305
0:06:20	30.0	13944	4793	8935	4559	9055	6633	8359	4338	10148	6291
0:06:25	30.0	13924	4801	9011	4654	9131	6667	8481	4368	10190	6350
0:06:30	30.0	14100	4772	9103	4615	9188	6687	8387	4368	10230	6290
0:06:35	30.0	14122	4822	9133	4564	9292	6659	8409	4373	10228	6354
0:06:40	30.0	14253	4796	9157	4583	9333	6593	8386	4353	10284	6341
0:06:45	30.0	14208	4843	9256	4624	9372	6663	8427	4363	10363	6303
0:06:50	30.0	14358	4820	9351	4604	9315	6638	8333	4370	10324	6338
0:06:55	30.0	14377	4790	9356	4583	9316	6647	8454	4371	10334	6307
0:07:00	30.0	14545	4826	9504	4580	9418	6647	8346	4396	10349	6327
0:07:05	30.0	14502	4830	9473	4579	9409	6613	8339	4392	10417	6329
0:07:10	30.0	14679	4839	9532	4591	9439	6667	8410	4404	10443	6268
0:07:15	30.0	14586	4793	9563	4556	9537	6636	8330	4369	10527	6306
0:07:20	30.0	14736	4797	9652	4588	9551	6644	8376	4328	10537	6276
0:07:25	30.0	14815	4827	9676	4614	9551	6655	8343	4382	10539	6319
0:07:30	30.0	14876	4780	9746	4578	9591	6665	8355	4337	10585	6361
0:07:35	30.0	14933	4767	9749	4578	9647	6639	8404	4348	10559	6284
0:07:40	30.0	14957	4826	9863	4587	9666	6656	8447	4381	10631	6329
0:07:45	30.0	14996	4814	9801	4565	9780	6640	8411	4368	10695	6277
0:07:50	30.0	15091	4809	9894	4579	9724	6641	8450	4334	10716	6294
0:07:55	30.0	15165	4764	9965	4593	9785	6619	8342	4342	10644	6307
0:08:00	30.0	15100	4821	9884	4599	9846	6627	8461	4361	10706	6271
0:08:05	30.0	15245	4814	10135	4594	9855	6696	8371	4372	10668	6319
0:08:10	30.0	15150	4799	10079	4623	9871	6646	8320	4318	10731	6326
0:08:15	30.0	15156	4802	10200	4579	9926	6638	8407	4354	10738	6284
0:08:20	30.0	15233	4830	10230	4589	9924	6622	8289	4371	10739	6298
0:08:25	30.0	15203	4860	10204	4585	10014	6637	8397	4357	10719	6266
0:08:30	30.0	15266	4777	10321	4599	10074	6701	8329	4389	10686	6301
0:08:35	30.0	15323	4825	10327	4590	10043	6600	8328	4349	10767	6334
0:08:40	30.0	15282	4787	10463	4582	10141	6645	8336	4379	10757	6259
0:08:45	30.0	15371	4829	10423	4607	10152	6681	8351	4347	10814	6331
0:08:50	30.0	15337	4808	10426	4633	10248	6637	8346	4365	10788	6284
0:08:55	30.0	15317	4791	10565	4551	10251	6620	8328	4322	10839	6306
0:09:00	30.0	15313	4846	10599	4613	10336	6646	8336	4332	10922	6306
0:09:05	30.0	15359	4821	10604	4594	10337	6641	8308	4328	10800	6300
0:09:10	30.0	15255	4821	10678	4566	10332	6714	8312	4369	10789	6314
0:09:15	30.0	15320	4806	10654	4596	10385	6713	8230	4376	10754	6374
0:09:20	30.0	15338	4827	10715	4558	10469	6610	8321	4325	10799	6285
0:09:25	30.0	15280	4806	10668	4573	10462	6624	8336	4350	10871	6287
0:09:30	30.0	15419	4821	10802	4585	10584	6677	8315	4333	10758	6324
0:09:35	30.0	15290	4834	10795	4575	10585	6637	8311	4354	10847	6284
0:09:40	30.0	15314	4810	10954	4573	10575	6691	8289	4374	10830	6343
0:09:45	30.0	15480	4809	10923	4598	10606	6664	8297	4360	10800	6285
0:09:50	30.0	15276	4810	10886	4562	10619	6655	8379	4345	10784	6311
0:09:55	30.0	15450	4801	10983	4585	10722	6651	8268	4360	10861	6240
0:10:00	30.0	15213	4787	11047	4654	10759	6653	8345	4326	10792	6314
0:10:05	30.0	15373	4822	10963	4578	10789	6616	8275	4367	10809	6342
0:10:10	30.0	15271	4805	11135	4617	10842	6637	8298	4406	10853	6314
0:10:15	30.0	15190	4772	11076	4589	10879	6605	8268	4351	10735	6287
0:10:20	30.0	15294	4823	11169	4644	10898	6643	8250	4331	10854	6337
0:10:25	30.0	15303	4845	11143	4602	10881	6687	8210	4329	10823	6301
0:10:30	30.0	15223	4787	11121	4619	10968	6716	8266	4299	10790	6328
0:10:35	30.0	15264	4790	11163	4621	11008	6626	8206	4345	10889	6344
0:10:40	30.0	15388	4794	11252	4606	11064	6658	8267	4362	10777	6304
0:10:45	30.0	15329	4827	11242	4592	11034	6710	8247	4323	10848	6336
0:10:50	30.0	15214	4824	11306	4614	11132	6669	8241	4342	10785	6362
0:10:55	30.0	15242	4808	11167	4604	11152	6691	8282	4369	10750	6294
0:11:00	30.0	15421	4826	11167	4610	11284	6659	8278	4326	10775	6376
0:11:05	30.0	15250	4819	11372	4614	11252	6668	8211	4356	10887	6323
0:11:10	30.0	15228	4848	11292	4598	11283	6655	8220	4365	10737	6354
0:11:15	30.0	15292	4829	11284	4589	11324	6683	8252	4341	10804	6288
0:11:20	30.0	15211	4778	11344	4619	11336	6744	8316	4315	10827	6343
0:11:25	30.0	15393	4893	11330	4604	11475	6661	8254	4342	10772	6338
0:11:30	30.0	15353	4894	11404	4569	11453	6669	8270	4360	10762	6367
0:11:35	30.0	15340	4787	11413	4608	11506	6656	8285	4369	10792	6340
0:11:40	30.0	15437	4825	11337	4632	11537	6653	8255	4336	10789	6350
0:11:45	30.0	15228	4840	11427	4634	11600	6675	8273	4318	10803	6305
0:11:50	30.0	15231	4834	11260	4584	11580	6705	8230	4366	10874	6379
0:11:55	30.0	15338	4827	11372	4634	11664	6654	8286	4308	10761	6278
0:12:00	30.0	15378	4831	11471	4622	11599	6635	8269	4347	10799	6367
0:12:05	30.0	15207	4796	11280	4615	11734	6689	8214	4314	10752	6343
0:12:10	30.0	15267	4802	11338	4648	11782	6746	8175	4311	10818	6346
0:12:15	30.0	15247	4845	11428	4642	11838	6601	8267	4367	10844	6333
0:12:20	30.0	15259	4847	11335	4632	11785	6638	8279	4345	10799	6338
0:12:25	30.0	15249	4799	11477	4668	11900	6743	8172	4344	10761	6331
0:12:30	30.0	15219	4826	11350	4602	11917	6678	8217	4315	10837	6332
0:12:35	30.0	15246	4826	11380	4644	11898	6727	8207	4351	10774	6382
0:12:40	30.0	15182	4801	11462	4611	11931	6765	8233	4343	10792	6325
0:12:45	30.0	15241	4821	11467	4636	11945	6688	8171	4319	10752	6331
0:12:50	30.1	15206	4816	11328	4618	12053	6673	8243	4318	10790	6310
0:12:55	30.0	15280	4839	11398	4631	12112	6703	8186	4374	10703	6354
0:13:00	30.1	15258	4824	11362	4574	12188	6644	8173	4340	10806	6328
0:13:05	30.0	15260	4794	11407	4634	12257	6727	8214	4312	10701	6325
0:13:10	30.0	15174	4852	11349	4607	12168	6640	8198	4284	10801	6311
0:13:15	30.0	15123	4843	11485	4588	12345	6698	8230	4376	10775	6327
0:13:20	30.0	15122	4858	11327	4615	12245	6691	8158	4347	10716	6367
0:13:25	30.0	15213	4832	11484	4651	12358	6666	8209	4350	10702	6327
0:13:30	30.0	15227	4859	11408	4617	12534	6680	8249	4304	10618	6322
0:13:35	30.0	15085	4853	11417	4596	12484	6711	8159	4331	10796	6333
0:13:40	30.0	15206	4844	11334	4638	12532	6762	8253	4337	10772	6340
0:13:45	30.0	15231	4807	11418	4641	12533	6727	8162	4380	10769	6362
0:13:50	30.0	15295	4853	11354	4606	12608	6708	8170	4338	10777	6367
0:13:55	30.0	15133	4829	11400	4587	12589	6691	8183	4316	10755	6350
0:14:00	30.0	15089	4859	11397	4623	12500	6679	8162	4366	10646	6354
0:14:05	30.0	15212	4849	11291	4617	12609	6735	8183	4336	10739	6314
0:14:10	30.0	15237	4859	11425	4601	12637	6714	8181	4301	10709	6354
0:14:15	30.0	15149	4831	11327	4625	12703	6778	8208	4298	10750	6288
0:14:20	30.0	15062	4832	11358	4631	12830	6687	8154	4370	10753	6360
0:14:25	30.0	15151	4863	11430	4663	12866	6756	8176	4338	10714	6325
0:14:30	30.0	15118	4853	11335	4603	12816	6677	8222	4320	10771	6373
0:14:35	30.0	15141	4796	11400	4618	12917	6709	8282	4341	10750	6347
0:14:40	30.0	15061	4872	11410	4631	12884	6756	8125	4355	10712	6333
0:14:45	30.0	15056	4857	11331	4609	12956	6722	8153	4322	10642	6333
0:14:50	30.0	15002	4884	11437	4635	13054	6746	8156	4321	10638	6298
0:14:55	30.0	15023	4849	11392	4633	13046	6777	8149	4341	10701	6365
0:15:00	30.0	15113	4857	11391	4660	13181	6691	8150	4374	10672	6384
0:15:05	30.0	15146	4875	11370	4641	13184	6742	8215	4371	10739	6302
0:15:10	30.0	15076	4846	11478	4598	13117	6709	8174	4314	10742	6291
0:15:15	30.0	15028	4823	11422	4639	13242	6694	8202	4324	10799	6345
0:15:20	30.0	15037	4868	11319	4610	13214	6768	8177	4344	10662	6331
0:15:25	30.0	15139	4826	11356	4670	13300	6746	8157	4329	10742	6300
0:15:30	30.0	15038	4854	11358	4647	13376	6774	8151	4302	10697	6314
0:15:35	30.0	15082	4845	11413	4626	13401	6762	8145	4296	10654	6325
0:15:40	30.0	15112	4846	11432	4616	13408	6703	8152	4338	10721	6368
0:15:45	30.0	15127	4852	11333	4651	13458	6727	8138	4348	10739	6280
0:15:50	30.0	15144	4902	11385	4643	13509	6662	8128	4340	10769	6340
0:15:55	30.0	14945	4832	11391	4657	13620	6693	8126	4377	10703	6355
0:16:00	30.0	15037	4926	11297	4674	13548	6706	8222	4313	10671	6373
0:16:05	30.0	15126	4874	11262	4670	13573	6725	8124	4329	10725	6338
0:16:10	30.0	14990	4866	11283	4653	13556	6811	8089	4316	10717	6317
0:16:15	30.0	14989	4901	11289	4636	13691	6754	8152	4334	10695	6331
0:16:20	30.0	15164	4910	11414	4640	13724	6776	8179	4355	10677	6340
0:16:25	30.0	15046	4878	11357	4637	13800	6694	8130	4352	10737	6342
0:16:30	30.0	15147	4921	11322	4668	13900	6737	8156	4301	10740	6312
0:16:35	30.0	15039	4869	11316	4632	13889	6723	8186	4314	10731	6342
0:16:40	30.0	14977	4895	11409	4686	13923	6730	8085	4301	10704	6354
0:16:45	30.0	15012	4871	11364	4674	13872	6726	8156	4356	10683	6307
0:16:50	30.0	15066	4863	11303	4684	13984	6775	8189	4311	10693	6282
0:16:55	30.0	14966	4868	11361	4669	14011	6765	8167	4329	10733	6320
0:17:00	30.1	15073	4897	11346	4631	14023	6736	8199	4352	10745	6335
0:17:05	30.0	15017	4904	11421	4615	14209	6758	8190	4355	10704	6360
0:17:10	30.0	15086	4901	11319	4648	14130	6764	8155	4326	10687	6341
0:17:15	30.0	14918	4883	11356	4681	14244	6793	8086	4334	10662	6345
0:17:20	30.0	15046	4898	11310	4642	14148	6771	8120	4311	10679	6357
0:17:25	30.0	15044	4927	11330	4661	14282	6790	8078	4331	10688	6313
0:17:30	30.0	15041	4888	11282	4617	14348	6740	8152	4359	10688	6356
0:17:35	30.0	14963	4907	11278	4634	14324	6720	8125	4327	10699	6370
0:17:40	30.0	15035	4881	11325	4657	14309	6754	8122	4339	10744	6350
0:17:45	30.0	14925	4929	11331	4649	14518	6749	8175	4336	10776	6324
0:17:50	30.0	15052	4888	11319	4669	14519	6796	8152	4330	10720	6318
0:17:55	30.1	14999	4918	11308	4619	14431	6762	8068	4309	10686	6357
0:18:00	30.0	15109	4919	11360	4650	14471	6795	8117	4349	10721	6359
0:18:05	30.0	14919	4865	11378	4695	14508	6779	8150	4293	10637	6363
0:18:10	30.0	15098	4845	11367	4684	14620	6815	8160	4338	10651	6291
0:18:15	30.0	14988	4870	11393	4677	14623	6741	8082	4325	10690	6363
0:18:20	30.0	14940	4888	11390	4677	14642	6767	8083	4361	10657	6341
0:18:25	30.0	15052	4954	11340	4656	14625	6753	8108	4365	10663	6296
0:18:30	30.0	14948	4877	11399	4680	14750	6799	8045	4375	10726	6369
0:18:35	30.0	14970	4885	11446	4675	14762	6752	8114	4365	10719	6327
0:18:40	29.9	14990	4896	11351	4676	14806	6772	8104	4362	10660	6362
0:18:45	30.0	14996	4896	11382	4674	14878	6726	8144	4391	10653	6374
0:18:50	30.0	14927	4866	11357	4667	14950	6773	8151	4350	10653	6360
0:18:55	30.0	15019	4886	11241	4691	14933	6775	8093	4334	10695	6308
0:19:00	30.0	14985	4915	11269	4669	14880	6762	8080	4325	10645	6344
0:19:05	30.0	15009	4935	11291	4647	14903	6726	8077	4400	10705	6332
0:19:10	30.0	14933	4892	11387	4670	14959	6757	8133	4355	10585	6310
0:19:15	30.0	15005	4921	11264	4640	14871	6775	8151	4343	10662	6304
0:19:20	30.0	14875	4921	11353	4664	14963	6825	8052	4335	10677	6309
0:19:25	30.0	14947	4920	11283	4643	14980	6812	8131	4387	10617	6369
0:19:30	30.0	14974	4901	11287	4694	15109	6813	8057	4377	10578	6355
0:19:35	30.0	14971	4928	11346	4675	15053	6732	8122	4400	10629	6247
0:19:40	30.1	14956	4950	11300	4701	15127	6775	8117	4327	10601	6333
0:19:45	30.1	14888	4929	11349	4731	15150	6738	8134	4373	10590	6278
0:19:50	30.0	15038	4929	11412	4691	15132	6808	8143	4345	10682	6328
0:19:55	30.0	14956	4912	11338	4655	15140	6789	8080	4368	10554	6380
0:20:00	30.0	15004	4880	11315	4677	15329	6815	8101	4367	10674	6347
0:20:05	30.0	15008	4951	11373	4678	15135	6818	8106	4307	10637	6344
0:20:10	30.0	14806	4914	11410	4660	15283	6810	8081	4357	10636	6338
0:20:15	30.0	14883	4918	11305	4641	15213	6815	8054	4326	10669	6389
0:20:20	30.0	14874	4914	11393	4705	15385	6826	8163	4316	10575	6338
0:20:25	30.0	15011	4869	11283	4690	15312	6760	8153	4318	10603	6411
0:20:30	30.0	14966	4897	11346	4683	15389	6758	8104	4344	10698	6296
0:20:35	30.0	14851	4894	11324	4694	15390	6820	8058	4349	10588	6356
0:20:40	30.1	15005	4922	11347	4695	15350	6836	8111	4347	10663	6339
0:20:45	30.1	14832	4908	11302	4647	15264	6808	8002	4350	10690	6352
0:20:50	30.0	14894	4909	11298	4703	15386	6733	8049	4350	10579	6370
0:20:55	30.0	14851	4929	11301	4689	15478	6819	8084	4309	10627	6376
0:21:00	30.0	14875	4905	11330	4675	15484	6790	8094	4327	10699	6348
0:21:05	30.0	14911	4967	11405	4670	15454	6831	8037	4333	10613	6359
0:21:10	30.0	14901	4877	11343	4657	15571	6797	8084	4325	10666	6344
0:21:15	30.0	14941	4903	11288	4724	15523	6849	8069	4372	10557	6332
0:21:20	30.0	14851	4946	11360	4727	15438	6844	8069	4350	10643	6368
0:21:25	30.0	14908	4950	11364	4718	15570	6763	8127	4319	10683	6341
0:21:30	30.0	14927	4914	11266	4698	15552	6807	8052	4341	10600	6342
0:21:35	30.0	14919	4922	11479	4693	15531	6876	8061	4311	10572	6328
0:21:40	30.0	14848	4900	11253	4689	15670	6843	8051	4362	10560	6363
0:21:45	30.0	14876	4911	11329	4671	15576	6875	8102	4339	10656	6349
0:21:50	30.0	14801	4957	11269	4718	15446	6807	8023	4334	10724	6325
0:21:55	30.0	14859	4916	11391	4680	15553	6772	8049	4325	10615	6356
0:22:00	30.0	14809	4918	11249	4677	15597	6857	8091	4361	10691	6337
0:22:05	30.0	14894	4916	11312	4671	15503	6820	8031	4339	10658	6338
0:22:10	30.0	14861	4924	11305	4667	15696	6867	7990	4379	10578	6344
0:22:15	30.0	14850	4958	11291	4694	15518	6773	8053	4306	10638	6345
0:22:20	30.0	14827	4911	11353	4649	15543	6821	8055	4354	10588	6367
0:22:25	30.0	14956	4963	11250	4683	15730	6844	8079	4346	10682	6355
0:22:30	30.0	14808	4949	11294	4721	15677	6819	8022	4333	10636	6357
0:22:35	30.0	14843	4941	11215	4653	15679	6849	8083	4399	10609	6361
0:22:40	30.0	14924	4895	11263	4708	15750	6842	8044	4313	10544	6372
0:22:45	30.0	14881	4915	11356	4749	15624	6868	8133	4358	10690	6301
0:22:50	30.0	14829	4954	11273	4684	15512	6877	8050	4366	10690	6369
0:22:55	30.0	14785	4944	11235	4720	15521	6835	8013	4343	10561	6333
0:23:00	30.0	14794	4913	11378	4658	15612	6831	8067	4379	10646	6357
0:23:05	30.0	14826	4933	11333	4695	15637	6829	8040	4343	10664	6383
0:23:10	30.0	14791	4946	11317	4661	15628	6876	8021	4349	10567	6363
0:23:15	30.0	14827	4937	11380	4640	15660	6897	8022	4346	10552	6314
0:23:20	30.0	14888	4931	11400	4727	15592	6855	8055	4355	10517	6332
0:23:25	30.0	14875	4947	11218	4744	15666	6852	7975	4371	10596	6373
0:23:30	30.0	14830	4935	11369	4694	15623	6878	8043	4315	10519	6382
0:23:35	30.0	14876	4945	11295	4719	15637	6872	8071	4330	10636	6340
0:23:40	30.0	14804	4954	11372	4701	15592	6881	8002	4379	10626	6363
0:23:45	30.0	14887	4918	11259	4740	15655	6806	8041	4356	10605	6343
0:23:50	30.0	14741	4948	11304	4691	15614	6859	8019	4385	10575	6385
0:23:55	30.0	14820	4959	11320	4727	15618	6798	8054	4406	10702	6387
0:24:00	30.0	14828	4944	11246	4739	15611	6871	8057	4360	10556	6378
0:24:05	30.0	14812	4990	11255	4723	15617	6868	7988	4360	10566	6352
0:24:10	30.0	14872	4946	11359	4687	15585	6887	8058	4300	10566	6392
0:24:15	30.0	14874	4938	11232	4656	15608	6883	8004	4366	10609	6317
0:24:20	30.0	14810	4947	11320	4713	15758	6833	8041	4370	10645	6347
0:24:25	30.0	14851	4926	11295	4689	15615	6848	8052	4309	10539	6346
0:24:30	30.0	14761	4937	11303	4744	15696	6906	8016	4340	10679	6367
0:24:35	30.0	14815	4961	11354	4707	15675	6818	7991	4317	10505	6384
0:24:40	30.0	14841	4921	11325	4725	15584	6800	7991	4365	10566	6381
0:24:45	30.0	14899	4972	11312	4736	15642	6952	7990	4331	10554	6335
0:24:50	30.0	14867	4927	11377	4703	15664	6800	8018	4326	10623	6381
0:24:55	30.0	14917	4911	11372	4738	15671	6864	7976	4325	10593	6390
0:25:00	30.0	14753	4977	11349	4739	15621	6907	8058	4343	10605	6313
0:25:05	30.0	14789	4960	11426	4730	15702	6892	8043	4343	10532	6335
0:25:10	30.0	14799	4954	11270	4759	15722	6888	8014	4371	10547	6349
0:25:15	30.0	14755	4985	11390	4711	15677	6867	8015	4365	10535	6315
0:25:20	30.0	14795	4953	11266	4736	15834	6829	8005	4339	10544	6378
0:25:25	30.0	14847	4969	11332	4726	15659	6839	8054	4370	10575	6358
0:25:30	30.0	14877	4957	11338	4725	15647	6876	7964	4367	10542	6333
0:25:35	30.0	14814	4985	11258	4733	15676	6871	7992	4333	10546	6361
0:25:40	30.0	14862	4948	11327	4690	15609	6927	8028	4332	10523	6337
0:25:45	30.0	14814	4933	11216	4724	15804	6879	8046	4367	10646	6319
0:25:50	30.0	14817	4959	11342	4737	15652	6888	8038	4310	10547	6386
0:25:55	30.0	14787	4960	11344	4704	15678	6898	8056	4366	10586	6321
0:26:00	30.0	14847	4956	11243	4717	15680	6856	8044	4368	10698	6317
0:26:05	30.0	14795	4965	11253	4729	15685	6841	8023	4370	10597	6339
0:26:10	30.0	14796	5007	11362	4713	15719	6905	8059	4385	10589	6394
0:26:15	30.1	14770	4968	11375	4751	15798	6873	8033	4351	10530	6376
0:26:20	30.1	14724	4954	11284	4775	15654	6909	7974	4350	10628	6388
0:26:25	30.0	14730	4949	11446	4721	15588	6888	7991	4392	10587	6324
0:26:30	30.0	14804	4935	11276	4742	15778	6864	8029	4334	10557	6339
0:26:35	30.0	14757	4985	11246	4760	15652	6920	7982	4368	10591	6370
0:26:40	30.0	14697	4989	11188	4776	15628	6890	8016	4361	10593	6390
0:26:45	30.0	14757	4976	11442	4726	15748	6871	8030	4360	10527	6382
0:26:50	30.0	14921	4972	11319	4727	15664	6969	8013	4369	10637	6392
0:26:55	30.0	14738	5034	11316	4699	15708	6897	7978	4339	10612	6339
0:27:00	30.0	14852	5003	11327	4716	15817	6958	8001	4376	10597	6408
0:27:05	30.0	14775	4987	11272	4674	15800	6865	7993	4371	10582	6322
0:27:10	30.0	14681	5007	11311	4726	15833	6930	7969	4354	10553	6349
0:27:15	30.0	14831	4963	11308	4765	15723	6921	8060	4382	10604	6322
0:27:20	30.0	14915	5042	11257	4789	15701	6869	7995	4347	10561	6358
0:27:25	30.0	14716	4999	11421	4739	15716	6951	8011	4349	10493	6388
0:27:30	30.0	14763	4965	11321	4750	15840	6881	7954	4361	10571	6286
0:27:35	30.0	14648	4990	11291	4756	15782	6920	7972	4341	10508	6382
0:27:40	30.0	14620	4987	11319	4761	15651	6890	7915	4365	10655	6341
0:27:45	30.0	14767	4994	11366	4713	15709	6996	7960	4386	10570	6351
0:27:50	30.0	14795	4988	11257	4735	15692	6952	8044	4372	10535	6429
0:27:55	30.0	14906	5051	11320	4751	15714	6974	8000	4342	10582	6367
0:28:00	30.0	14740	4999	11321	4774	15740	6924	7951	4361	10526	6366
0:28:05	30.0	14725	5035	11361	4791	15704	6980	7997	4367	10541	6328
0:28:10	30.0	14866	5065	11305	4779	15851	6930	7946	4385	10632	6312
0:28:15	30.0	14829	4970	11345	4797	15650	6909	7991	4351	10550	6336
0:28:20	30.0	14788	5025	11261	4740	15706	6906	7972	4342	10527	6354
0:28:25	30.0	14744	4990	11343	4767	15798	6940	8005	4363	10589	6435
0:28:30	30.0	14780	5044	11275	4718	15709	6900	7985	4349	10578	6433
0:28:35	30.0	14685	5016	11382	4758	15759	6882	8029	4332	10558	6377
0:28:40	30.0	14764	4978	11347	4750	15735	6913	7948	4405	10514	6405
0:28:45	30.0	14827	5008	11211	4724	15845	6921	7924	4370	10554	6412
0:28:50	30.0	14734	4999	11252	4791	15853	6935	8005	4374	10550	6404
0:28:55	30.0	14720	4991	11304	4717	15762	6946	8018	4354	10567	6370
0:29:00	30.0	14734	4993	11372	4767	15845	6917	8019	4406	10561	6344
0:29:05	30.0	14735	5037	11281	4764	15757	6906	7970	4343	10553	6323
0:29:10	30.0	14653	5027	11405	4782	15656	6905	8024	4391	10507	6344
0:29:15	30.0	14731	5019	11324	4806	15724	7009	8009	4360	10555	6340
0:29:20	30.0	14818	5016	11208	4758	15848	6952	8007	4355	10609	6380
0:29:25	30.0	14734	5014	11346	4787	15797	6957	7978	4367	10569	6409
0:29:30	30.1	14679	4984	11397	4765	15810	6982	8009	4371	10581	6358
0:29:35	30.0	14849	4990	11327	4728	15804	6901	7941	4371	10517	6367
0:29:40	30.0	14605	5001	11355	4784	15781	6913	7925	4353	10499	6336
0:29:45	30.0	14670	5052	11314	4789	15762	6939	7975	4328	10620	6324
0:29:50	30.0	14576	5024	11337	4785	15772	6927	7924	4338	10522	6396
0:29:55	30.0	14691	5002	11272	4772	15878	6928	7991	4363	10520	6364
0:30:00	30.0	14707	5039	11284	4779	15737	6975	7960	4364	10458	6412
0:30:05	30.0	14754	5050	11295	4769	15796	6939	7980	4398	10477	6413
0:30:10	30.0	14656	5028	11365	4791	15858	6930	8037	4384	10599	6397
0:30:15	30.0	14649	5016	11273	4759	15859	6935	8015	4374	10577	6388
0:30:20	30.0	14768	5043	11284	4751	15772	6950	7959	4328	10551	6393
0:30:25	30.0	14845	5009	11296	4812	15804	6925	7931	4386	10516	6392
0:30:30	30.0	14666	4988	11334	4767	15890	6956	7994	4399	10632	6393
0:30:35	30.0	14665	5009	11310	4760	15763	6965	7947	4365	10594	6363
0:30:40	30.0	14684	5036	11301	4781	15851	6956	7917	4344	10562	6357
0:30:45	30.0	14722	5015	11353	4790	15831	6922	8003	4356	10525	6442
0:30:50	30.0	14605	4995	11355	4749	15947	6992	8000	4387	10524	6365
0:30:55	30.0	14670	5039	11260	4801	15818	6930	7923	4389	10571	6454
0:31:00	30.0	14784	5028	11322	4807	15934	6980	8012	4323	10547	6415
0:31:05	30.0	14752	5039	11383	4763	15799	6970	8025	4353	10475	6411
0:31:10	30.0	14733	5086	11347	4814	15769	6916	7918	4390	10505	6375
0:31:15	30.0	14678	5047	11301	4800	15839	6941	8020	4345	10483	6401
0:31:20	30.0	14771	5055	11291	4774	15785	6971	7968	4365	10569	6410
0:31:25	30.0	14617	5071	11342	4742	15757	7008	7994	4380	10445	6356
0:31:30	30.0	14715	5038	11471	4801	15846	7002	7952	4353	10551	6395
0:31:35	30.0	14626	5019	11369	4819	15912	6995	8013	4343	10482	6342
0:31:40	30.0	14742	5079	11250	4794	15816	6936	8031	4388	10536	6362
0:31:45	30.0	14600	5038	11299	4821	15834	6977	7979	4335	10460	6381
0:31:50	30.0	14633	5011	11398	4815	15961	6969	8022	4355	10541	6468
0:31:55	30.0	14657	5016	11319	4829	15724	7015	7910	4359	10541	6419
0:32:00	30.0	14609	5067	11236	4763	15924	7008	8040	4343	10552	6359
0:32:05	30.0	14795	5056	11230	4772	15892	7014	7948	4396	10521	6363
0:32:10	30.0	14566	5027	11299	4810	15800	6972	7906	4339	10540	6334
0:32:15	30.0	14755	5001	11296	4817	15996	6964	7935	4362	10605	6455
0:32:20	30.0	14616	5037	11396	4826	15791	6987	7979	4383	10536	6400
0:32:25	30.0	14667	5030	11352	4822	15761	6959	7975	4378	10617	6381
0:32:30	30.0	14679	5047	11310	4805	15904	6991	7980	4409	10585	6355
0:32:35	30.0	14630	5043	11372	4825	15964	7000	7859	4382	10621	6370
0:32:40	30.0	14642	5028	11360	4788	15861	7042	7941	4367	10478	6387
0:32:45	30.0	14757	5008	11296	4798	15868	6975	7945	4376	10523	6354
0:32:50	30.0	14848	5041	11367	4842	15859	7013	7964	4384	10512	6411
0:32:55	30.0	14640	5082	11301	4837	15931	7064	7917	4369	10545	6443
0:33:00	30.0	14748	5059	11391	4817	15903	6986	7955	4420	10544	6388
0:33:05	30.0	14551	5047	11399	4799	15818	7007	7976	4358	10539	6408
0:33:10	30.0	14591	5073	11429	4799	15811	6982	7960	4396	10565	6393
0:33:15	30.0	14722	5102	11403	4803	15867	6998	7928	4377	10497	6393
0:33:20	30.0	14538	5090	11318	4823	16028	7004	7944	4427	10464	6383
0:33:25	30.0	14720	5041	11324	4784	15876	7011	7988	4353	10553	6388
0:33:30	30.0	14793	5075	11332	4833	15833	7034	8027	4400	10457	6409
0:33:35	30.0	14641	5058	11291	4805	15819	7025	7950	4376	10512	6386
0:33:40	30.0	14697	5089	11242	4808	16014	7001	7950	4383	10574	6424
0:33:45	30.0	14691	5044	11286	4830	15938	6992	7916	4404	10573	6420
0:33:50	30.0	14813	5047	11248	4803	15838	6999	7908	4303	10581	6410
0:33:55	30.0	14635	5023	11393	4828	15959	7005	7926	4378	10522	6373
0:34:00	30.0	14569	5117	11323	4844	15865	6995	7980	4389	10542	6398
0:34:05	30.0	14610	5114	11366	4815	15931	7024	7885	4415	10530	6410
0:34:10	30.0	14666	5070	11331	4840	16025	7034	7983	4387	10582	6385
0:34:15	30.0	14623	5088	11308	4859	15924	6994	7968	4375	10539	6371
0:34:20	30.0	14788	5053	11335	4798	15936	7107	8060	4397	10528	6430
0:34:25	30.0	14651	5090	11314	4851	15864	7013	7910	4353	10541	6396
0:34:30	30.0	14567	5071	11394	4795	15831	7056	7889	4354	10529	6374
0:34:35	30.0	14506	5070	11355	4812	15975	7072	7917	4392	10516	6359
0:34:40	30.0	14699	5061	11351	4855	15991	7031	7941	4374	10571	6446
0:34:45	30.0	14527	5109	11342	4809	15978	7028	7919	4425	10495	6393
0:34:50	30.0	14639	5131	11312	4839	16008	7037	7929	4363	10507	6404
0:34:55	30.0	14638	5093	11369	4804	15952	6981	7947	4400	10454	6406
0:35:00	30.0	14726	5085	11346	4829	15887	7033	7911	4408	10518	6359
0:35:05	30.0	14661	5093	11398	4846	15914	7003	7862	4375	10451	6426
0:35:10	30.0	14732	5068	11398	4863	15914	7082	7933	4387	10524	6389
0:35:15	30.0	14622	5100	11371	4824	15846	7097	7914	4388	10491	6438
0:35:20	30.0	14677	5080	11399	4842	15831	7089	7916	4361	10442	6370
0:35:25	30.0	14667	5093	11415	4858	16055	7031	7937	4409	10505	6360
0:35:30	30.0	14726	5119	11413	4879	15948	7065	7917	4368	10596	6405
0:35:35	30.0	14633	5076	11297	4844	16041	7002	7902	4369	10556	6422
0:35:40	30.0	14652	5090	11335	4833	15804	7062	7939	4394	10553	6363
0:35:45	30.0	14708	5148	11413	4847	15940	7079	7991	4389	10563	6398
0:35:50	30.0	14643	5093	11302	4789	15853	7049	7904	4392	10534	6510
0:35:55	30.0	14659	5095	11459	4857	16043	7111	8007	4413	10510	6390
0:36:00	30.0	14589	5129	11532	4826	16016	7018	7919	4371	10482	6361
0:36:05	30.0	14662	5116	11553	4822	15903	7011	7944	4387	10591	6371
0:36:10	30.0	14609	5078	11379	4848	15972	7087	7877	4365	10494	6430
0:36:15	30.0	14768	5088	11326	4891	15965	7134	7913	4432	10489	6371
0:36:20	30.0	14637	5127	11448	4867	15964	7076	8005	4351	10510	6327
0:36:25	30.0	14601	5068	11390	4847	15927	7075	7946	4398	10478	6382
0:36:30	30.0	14690	5121	11452	4848	16060	7043	7939	4379	10526	6366
0:36:35	30.0	14604	5106	11395	4866	16033	7063	8005	4378	10505	6433
0:36:40	30.0	14628	5121	11483	4840	16052	7111	7878	4427	10597	6438
0:36:45	30.0	14661	5139	11409	4874	15950	7156	7894	4430	10557	6391
0:36:50	30.0	14619	5113	11367	4855	15978	7092	7988	4418	10497	6424
0:36:55	30.0	14729	5147	11393	4868	15875	7060	7892	4413	10515	6383
0:37:00	30.0	14638	5126	11294	4882	15994	7070	7930	4390	10495	6466
0:37:05	30.0	14772	5124	11328	4872	16053	7096	7941	4411	10516	6412
0:37:10	30.0	14759	5142	11362	4872	15935	7094	7956	4371	10496	6397
0:37:15	30.0	14659	5086	11352	4887	16041	7074	7917	4372	10523	6403
0:37:20	30.0	14671	5101	11385	4874	15948	7098	7943	4396	10506	6384
0:37:25	30.0	14742	5129	11433	4869	16067	7115	7972	4406	10496	6427
0:37:30	30.0	14686	5106	11417	4859	16133	7006	7903	4362	10522	6413
0:37:35	30.0	14662	5091	11390	4869	16094	7114	7881	4384	10484	6447
0:37:40	30.0	14722	5114	11380	4887	16009	7085	7980	4382	10495	6408
0:37:45	30.0	14630	5081	11421	4786	15993	7055	7903	4426	10500	6448
0:37:50	30.0	14593	5095	11371	4878	16080	7119	8002	4452	10559	6481
0:37:55	30.0	14631	5138	11382	4909	16000	7128	7977	4386	10587	6407
0:38:00	30.0	14575	5125	11391	4886	16004	7084	7899	4380	10582	6372
0:38:05	30.0	14715	5177	11365	4849	15939	7125	7885	4348	10506	6448
0:38:10	30.0	14600	5156	11430	4836	16069	7128	7911	4423	10470	6418
0:38:15	30.0	14605	5149	11414	4909	16014	7109	7924	4385	10509	6421
0:38:20	30.0	14595	5124	11276	4834	16067	7126	8010	4361	10551	6357
0:38:25	30.0	14719	5150	11367	4877	16074	7086	7940	4411	10489	6462
0:38:30	30.0	14650	5092	11380	4866	16085	7077	7909	4413	10447	6429
0:38:35	30.0	14758	5135	11439	4887	15977	7112	7922	4397	10587	6395
0:38:40	30.0	14746	5132	11380	4902	16076	7115	8001	4384	10576	6393
0:38:45	30.0	14547	5134	11472	4887	15964	7128	7889	4393	10487	6423
0:38:50	30.0	14617	5127	11389	4902	16124	7172	7924	4395	10606	6450
0:38:55	30.0	14705	5110	11430	4888	15998	7064	7898	4416	10497	6395
0:39:00	30.0	14597	5141	11404	4904	15964	7083	7958	4401	10452	6404
0:39:05	30.0	14667	5120	11454	4867	15976	7147	7991	4427	10474	6411
0:39:10	30.0	14656	5136	11357	4923	16115	7121	7978	4422	10474	6459
0:39:15	30.0	14693	5113	11376	4904	16074	7122	7874	4399	10517	6406
0:39:20	30.0	14515	5179	11381	4820	16026	7052	7932	4381	10528	6423
0:39:25	30.0	14666	5192	11405	4884	16116	7096	7929	4428	10597	6397
0:39:30	30.0	14565	5142	11472	4907	16056	7097	7941	4451	10504	6375
0:39:35	30.0	14576	5137	11526	4891	16179	7151	7872	4414	10521	6385
0:39:40	30.0	14608	5131	11419	4894	16131	7136	7916	4434	10502	6424
0:39:45	30.0	14587	5122	11421	4910	16009	7129	7996	4436	10538	6350
0:39:50	30.0	14683	5182	11410	4917	16042	7119	7899	4427	10536	6438
0:39:55	30.0	14644	5150	11429	4847	15992	7127	7969	4400	10485	6430
0:40:00	30.0	14641	5145	11437	4918	16017	7069	7931	4374	10556	6419
0:40:05	30.0	14609	5149	11515	4872	16047	7159	7918	4429	10533	6446
0:40:10	30.0	14644	5128	11433	4953	15935	7135	7892	4419	10557	6423
0:40:15	30.0	14543	5165	11505	4844	16011	7099	7901	4426	10586	6418
0:40:20	30.0	14630	5160	11374	4882	16229	7189	7916	4384	10471	6408
0:40:25	30.0	14556	5192	11407	4867	16090	7128	7940	4408	10552	6434
0:40:30	30.0	14548	5172	11423	4899	16204	7173	7872	4400	10501	6410
0:40:35	30.0	14716	5166	11415	4911	16137	7085	7913	4443	10489	6425
0:40:40	30.0	14565	5156	11472	4921	16196	7127	7943	4399	10569	6434
0:40:45	30.0	14574	5183	11371	4907	16125	7203	7991	4384	10506	6477
0:40:50	30.0	14643	5145	11371	4932	16167	7154	7901	4428	10450	6405
0:40:55	30.0	14547	5146	11432	4886	16117	7196	7856	4411	10525	6426
0:41:00	30.0	14664	5111	11412	4869	16247	7156	7919	4438	10477	6499
0:41:05	30.0	14581	5094	11437	4872	16017	7211	7895	4411	10464	6438
0:41:10	30.0	14483	5210	11432	4892	16055	7133	7936	4430	10546	6401
0:41:15	30.0	14585	5141	11392	4871	16281	7156	7879	4435	10505	6444
0:41:20	30.0	14588	5178	11392	4925	16137	7109	7955	4385	10517	6428
0:41:25	30.0	14609	5153	11455	4908	16139	7146	7984	4428	10469	6418
0:41:30	30.0	14589	5213	11471	4924	16022	7109	7974	4422	10583	6497
0:41:35	30.0	14548	5176	11411	4911	16076	7179	7896	4418	10459	6417
0:41:40	30.0	14635	5187	11435	4907	16154	7127	7965	4387	10519	6437
0:41:45	30.0	14589	5169	11454	4924	16105	7176	7977	4420	10470	6433
0:41:50	30.0	14555	5193	11449	4886	16200	7141	7939	4403	10448	6428
0:41:55	30.0	14612	5185	11420	4900	16173	7135	7844	4418	10515	6444
0:42:00	30.0	14559	5188	11471	4904	16153	7243	7905	4420	10528	6473
0:42:05	30.0	14691	5182	11428	4973	16134	7149	7937	4412	10474	6427
0:42:10	30.0	14681	5175	11443	4929	16197	7147	7926	4410	10451	6432
0:42:15	30.0	14527	5165	11471	4916	16135	7123	7888	4423	10480	6411
0:42:20	30.0	14626	5182	11392	4912	16065	7225	7948	4402	10537	6401
0:42:25	30.0	14512	5173	11387	4970	16086	7133	7924	4425	10530	6393
0:42:30	30.0	14574	5191	11509	4939	16274	7184	7896	4386	10547	6500
0:42:35	30.0	14580	5168	11498	4945	16143	7153	7935	4441	10508	6432
0:42:40	30.0	14661	5164	11437	4964	16059	7230	7891	4382	10610	6410
0:42:45	30.0	14577	5210	11448	4959	16168	7139	7933	4441	10499	6394
0:42:50	30.0	14601	5174	11442	4939	16207	7242	7877	4406	10389	6370
0:42:55	30.0	14535	5231	11520	4939	16130	7238	7973	4413	10508	6392
0:43:00	30.0	14576	5161	11560	4957	16135	7216	7906	4418	10514	6485
0:43:05	30.0	14549	5162	11513	4910	16255	7211	7991	4435	10487	6464
0:43:10	30.0	14618	5203	11395	4924	16155	7204	7857	4409	10545	6425
0:43:15	30.0	14531	5156	11429	4902	16170	7196	7932	4443	10515	6439
0:43:20	30.0	14564	5183	11430	4965	16243	7153	7935	4408	10415	6425
0:43:25	30.0	14555	5189	11435	4945	16269	7201	7923	4410	10470	6436
0:43:30	30.0	14667	5201	11545	4991	16218	7159	7944	4407	10452	6425
0:43:35	30.0	14689	5209	11525	4963	16323	7274	7895	4429	10487	6463
0:43:40	30.0	14628	5182	11547	4949	16145	7136	7925	4460	10489	6416
0:43:45	30.0	14614	5179	11417	4948	16241	7217	7885	4394	10489	6463
0:43:50	30.0	14551	5222	11485	4938	16236	7191	7886	4432	10624	6512
0:43:55	30.0	14646	5210	11376	4926	16213	7191	7920	4430	10510	6423
0:44:00	30.0	14676	5218	11454	4930	16205	7202	7912	4430	10480	6412
0:44:05	30.0	14484	5185	11570	4888	16157	7165	7901	4390	10522	6475
0:44:10	30.0	14589	5246	11484	4971	16284	7244	7999	4430	10507	6457
0:44:15	30.0	14559	5245	11540	4968	16320	7210	7954	4441	10470	6471
0:44:20	30.0	14573	5160	11553	4942	16272	7260	7866	4434	10540	6436
0:44:25	30.0	14534	5221	11544	5005	16244	7188	7877	4430	10518	6453
0:44:30	30.0	14453	5244	11414	4923	16227	7253	7840	4423	10545	6395
0:44:35	30.0	14575	5224	11511	4986	16245	7220	7901	4423	10417	6463
0:44:40	30.0	14571	5254	11551	4950	16263	7152	7929	4449	10511	6432
0:44:45	30.0	14532	5205	11442	4981	16268	7239	7889	4439	10476	6431
0:44:50	30.0	14496	5216	11415	4911	16316	7214	7984	4416	10554	6439
0:44:55	30.0	14654	5253	11440	4968	16243	7279	7958	4444	10554	6471
0:45:00	30.0	14566	5228	11556	4971	16364	7195	7925	4443	10566	6409
0:45:05	30.0	14575	5213	11481	4989	16253	7222	7927	4398	10566	6468
0:45:10	30.0	14533	5193	11543	4962	16155	7228	7893	4422	10387	6439
0:45:15	30.0	14632	5257	11531	4981	16264	7223	7863	4411	10432	6488
0:45:20	30.0	14525	5251	11483	4965	16207	7221	7816	4387	10463	6436
0:45:25	30.0	14540	5241	11492	4942	16205	7213	7885	4450	10462	6447
0:45:30	30.0	14612	5192	11514	4987	16325	7210	7858	4446	10466	6448
0:45:35	30.0	14638	5199	11526	4939	16313	7267	7894	4436	10421	6465
0:45:40	30.0	14605	5203	11480	5010	16329	7215	7818	4418	10508	6486
0:45:45	30.0	14511	5290	11461	4936	16380	7229	7912	4455	10460	6494
0:45:50	30.0	14516	5196	11483	4945	16252	7292	7911	4397	10558	6475
0:45:55	30.0	14509	5227	11463	4953	16260	7175	7870	4442	10577	6465
0:46:00	30.0	14534	5325	11522	4970	16329	7285	7888	4448	10540	6457
0:46:05	30.0	14582	5260	11486	5009	16433	7255	7821	4486	10478	6448
0:46:10	30.0	14563	5239	11500	4970	16305	7262	7870	4462	10479	6430
0:46:15	30.0	14565	5233	11552	4961	16422	7292	7829	4444	10509	6529
0:46:20	30.0	14678	5223	11449	4955	16423	7319	7855	4431	10485	6520
0:46:25	30.0	14604	5239	11450	4911	16356	7227	7944	4425	10542	6429
0:46:30	30.0	14608	5264	11417	4979	16307	7232	7940	4417	10521	6490
0:46:35	30.0	14516	5260	11453	5012	16289	7249	7832	4456	10521	6478
0:46:40	30.0	14565	5229	11617	4980	16397	7194	7966	4429	10435	6454
0:46:45	30.0	14681	5254	11538	4932	16385	7265	7919	4425	10475	6420
0:46:50	30.0	14612	5219	11523	4960	16378	7261	7895	4448	10489	6458
0:46:55	30.0	14552	5242	11482	4986	16405	7273	7944	4410	10469	6497
0:47:00	30.0	14596	5219	11576	5007	16308	7246	7865	4410	10446	6485
0:47:05	30.0	14545	5249	11507	5003	16245	7234	7913	4410	10480	6486
0:47:10	30.0	14683	5234	11557	4998	16500	7255	7882	4402	10585	6506
0:47:15	30.0	14475	5277	11566	5020	16456	7323	7925	4436	10502	6452
0:47:20	30.0	14532	5270	11468	4939	16267	7266	7879	4425	10402	6485
0:47:25	30.0	14590	5261	11553	5011	16332	7304	7872	4414	10472	6447
0:47:30	30.0	14631	5243	11558	5026	16342	7241	7893	4426	10466	6431
0:47:35	30.0	14590	5245	11509	5016	16259	7245	7845	4419	10485	6514
0:47:40	30.0	14541	5228	11555	4998	16432	7293	7836	4430	10544	6455
0:47:45	30.0	14513	5212	11505	4982	16237	7273	7838	4411	10436	6546
0:47:50	30.0	14525	5224	11542	5036	16273	7280	7906	4442	10469	6498
0:47:55	30.0	14594	5279	11481	4998	16399	7277	7871	4441	10431	6486
0:48:00	30.0	14459	5278	11564	5008	16369	7274	7885	4420	10509	6468
0:48:05	30.0	14545	5282	11517	5018	16420	7260	7815	4474	10484	6453
0:48:10	30.0	14557	5261	11489	5008	16339	7279	7851	4438	10445	6437
0:48:15	30.0	14572	5232	11470	5033	16402	7320	7945	4450	10509	6504
0:48:20	30.0	14495	5294	11571	5006	16416	7293	7915	4455	10522	6510
0:48:25	30.0	14525	5295	11556	5003	16406	7333	7887	4465	10543	6516
0:48:30	30.0	14439	5278	11534	5015	16328	7266	7858	4433	10494	6452
0:48:35	30.0	14547	5252	11544	5027	16397	7228	7890	4440	10432	6488
0:48:40	30.0	14545	5283	11567	5006	16266	7221	7865	4412	10576	6453
0:48:45	30.0	14534	5282	11472	5014	16469	7285	7910	4454	10543	6475
0:48:50	30.0	14494	5285	11444	5013	16367	7371	7914	4424	10456	6442
0:48:55	30.0	14635	5255	11513	5019	16486	7283	7879	4436	10499	6430
0:49:00	30.0	14542	5283	11632	5012	16364	7274	7892	4437	10480	6504
0:49:05	30.0	14496	5292	11663	5003	16385	7337	7930	4439	10416	6532
0:49:10	30.0	14614	5289	11560	4968	16434	7296	7874	4457	10512	6485
0:49:15	30.0	14643	5268	11507	5009	16415	7376	7891	4438	10506	6452
0:49:20	30.0	14538	5300	11513	4987	16327	7364	7919	4437	10431	6472
0:49:25	30.0	14549	5286	11459	5023	16470	7254	7834	4424	10411	6507
0:49:30	30.0	14611	5276	11511	5028	16357	7285	7934	4438	10457	6459
0:49:35	30.0	14596	5357	11553	5024	16310	7289	7888	4465	10419	6491
0:49:40	30.0	14549	5244	11570	5000	16427	7329	7827	4452	10466	6479
0:49:45	30.0	14487	5327	11521	5025	16477	7375	7881	4448	10411	6441
0:49:50	30.0	14453	5247	11585	5038	16422	7322	7890	4463	10587	6469
0:49:55	30.0	14523	5276	11616	5035	16527	7278	7910	4469	10521	6457
0:50:00	30.0	14540	5249	11457	4982	16331	7331	7822	4450	10472	6434
0:50:05	30.0	14528	5281	11554	5067	16349	7310	7911	4452	10450	6431
0:50:10	30.0	14473	5262	11531	5012	16361	7281	7846	4444	10508	6472
0:50:15	30.0	14508	5306	11566	5014	16481	7317	7824	4473	10429	6477
0:50:20	30.0	14496	5312	11687	4990	16669	7313	7929	4447	10522	6496
0:50:25	30.0	14531	5268	11552	5074	16601	7312	7877	4447	10508	6466
0:50:30	30.0	14478	5324	11462	5051	16384	7339	7942	4441	10475	6463
0:50:35	30.0	14507	5308	11551	5034	16442	7346	7867	4419	10484	6434
0:50:40	30.0	14447	5294	11576	5083	16327	7329	7875	4415	10529	6500
0:50:45	30.0	14504	5302	11463	5022	16464	7323	7930	4493	10504	6492
0:50:50	30.0	14449	5265	11520	5022	16520	7402	7943	4438	10477	6543
0:50:55	30.0	14546	5345	11620	5098	16466	7281	7934	4455	10500	6471
0:51:00	30.0	14585	5365	11513	5035	16522	7317	7877	4450	10476	6470
0:51:05	30.0	14559	5314	11544	5052	16478	7330	7850	4486	10431	6434
0:51:10	30.0	14498	5329	11518	5041	16488	7374	7868	4461	10530	6477
0:51:15	30.0	14443	5297	11540	5072	16600	7371	7855	4470	10444	6494
0:51:20	30.0	14567	5338	11584	5036	16407	7347	7876	4439	10458	6550
0:51:25	30.0	14554	5294	11611	5027	16538	7360	7860	4475	10497	6459
0:51:30	30.0	14396	5312	11538	5027	16554	7305	7915	4435	10559	6436
0:51:35	30.0	14459	5335	11594	5048	16514	7313	7884	4457	10432	6510
0:51:40	30.0	14555	5302	11482	5016	16424	7382	7887	4414	10443	6454
0:51:45	30.0	14576	5298	11611	5046	16418	7391	7885	4451	10501	6505
0:51:50	30.0	14472	5289	11556	5050	16443	7379	7865	4489	10494	6482
0:51:55	30.0	14534	5317	11556	5050	16577	7350	7950	4444	10446	6460
0:52:00	30.0	14454	5322	11550	5022	16474	7356	7855	4459	10452	6448
0:52:05	30.0	14454	5317	11558	5079	16491	7378	7950	4434	10512	6435
0:52:10	30.0	14441	5279	11537	5030	16471	7327	7959	4427	10531	6451
0:52:15	30.0	14623	5299	11619	5053	16507	7367	7903	4425	10442	6433
0:52:20	30.0	14523	5326	11630	5102	16380	7354	7890	4451	10447	6492
0:52:25	30.0	14521	5306	11508	5033	16591	7357	7868	4470	10452	6476
0:52:30	30.0	14613	5299	11647	5017	16591	7321	7892	4432	10448	6463
0:52:35	30.0	14543	5363	11597	5051	16456	7435	7885	4452	10429	6401
0:52:40	30.0	14419	5304	11625	5086	16490	7374	7877	4443	10415	6424
0:52:45	30.0	14540	5337	11531	5079	16640	7336	7939	4461	10409	6467
0:52:50	30.0	14491	5363	11661	5087	16578	7367	7920	4459	10540	6499
0:52:55	30.0	14388	5310	11547	5029	16630	7347	7827	4486	10426	6472
0:53:00	30.0	14471	5342	11588	5046	16673	7385	7852	4435	10514	6430
0:53:05	30.0	14492	5329	11589	5043	16479	7377	7891	4459	10441	6450
0:53:10	30.0	14480	5320	11582	5066	16593	7392	7905	4461	10447	6458
0:53:15	30.0	14536	5354	11603	5093	16519	7400	7914	4454	10510	6559
0:53:20	30.0	14458	5351	11603	5019	16626	7467	7870	4410	10491	6477
0:53:25	30.0	14404	5366	11651	5062	16538	7337	7911	4465	10580	6498
0:53:30	30.0	14566	5321	11615	5070	16580	7371	7894	4460	10479	6545
0:53:35	30.0	14548	5320	11546	5114	16651	7378	7891	4433	10532	6454
0:53:40	30.0	14509	5312	11617	5074	16515	7360	7895	4442	10438	6476
0:53:45	30.0	14460	5329	11486	5034	16458	7361	7876	4484	10493	6526
0:53:50	30.0	14450	5308	11556	5032	16666	7407	7893	4445	10394	6527
0:53:55	30.0	14451	5307	11495	5102	16528	7356	7866	4465	10497	6462
0:54:00	30.0	14440	5353	11617	5047	16599	7376	7898	4417	10552	6478
0:54:05	30.0	14532	5351	11602	5059	16508	7460	7892	4462	10388	6488
0:54:10	30.0	14592	5308	11677	5041	16607	7381	7915	4452	10417	6446
0:54:15	30.0	14552	5358	11575	5099	16470	7424	7861	4456	10488	6508
0:54:20	30.0	14469	5319	11614	5029	16495	7349	7899	4445	10525	6479
0:54:25	30.0	14520	5327	11646	5079	16627	7431	7836	4515	10512	6485
0:54:30	30.0	14548	5343	11550	5107	16588	7369	7898	4410	10477	6438
0:54:35	30.0	14448	5322	11618	5126	16558	7379	7854	4477	10388	6484
0:54:40	30.0	14432	5333	11657	5087	16559	7411	7906	4471	10531	6448
0:54:45	30.0	14442	5325	11609	5087	16567	7407	7905	4467	10471	6445
0:54:50	30.0	14435	5335	11594	5087	16539	7394	7879	4460	10417	6514
0:54:55	30.0	14562	5336	11627	5082	16707	7420	7896	4464	10545	6530
0:55:00	30.0	14609	5403	11606	5078	16652	7526	7869	4460	10439	6487
0:55:05	30.0	14495	5379	11579	5091	16587	7408	7920	4483	10433	6453
0:55:10	30.0	14499	5375	11533	5083	16593	7432	7907	4446	10482	6503
0:55:15	30.0	14488	5311	11583	5114	16590	7417	7932	4467	10407	6509
0:55:20	30.0	14403	5328	11657	5051	16690	7431	7955	4446	10454	6481
0:55:25	30.0	14530	5368	11614	5105	16683	7394	7905	4477	10355	6456
0:55:30	30.0	14514	5344	11563	5064	16720	7438	7883	4477	10458	6452
0:55:35	30.0	14482	5317	11656	5106	16660	7424	7903	4491	10444	6457
0:55:40	30.0	14544	5327	11575	5077	16636	7404	7861	4477	10376	6506
0:55:45	30.0	14527	5351	11653	5070	16555	7402	7896	4413	10476	6462
0:55:50	30.0	14457	5364	11697	5085	16524	7430	7843	4479	10463	6452
0:55:55	30.0	14544	5406	11573	5090	16680	7420	7837	4471	10435	6485
0:56:00	30.0	14531	5377	11674	5081	16548	7475	7845	4488	10411	6467
0:56:05	30.0	14532	5335	11629	5128	16570	7438	7809	4412	10512	6490
0:56:10	30.0	14563	5334	11633	5118	16740	7459	7833	4493	10385	6537
0:56:15	30.0	14422	5335	11622	5137	16758	7474	7940	4452	10430	6499
0:56:20	30.0	14499	5344	11640	5132	16614	7388	7919	4447	10357	6507
0:56:25	30.0	14428	5390	11601	5075	16721	7460	7839	4484	10410	6459
0:56:30	30.0	14403	5346	11628	5103	16686	7454	7897	4502	10410	6477
0:56:35	30.0	14464	5392	11705	5089	16622	7479	7899	4467	10490	6466
0:56:40	30.0	14425	5365	11669	5122	16903	7486	7868	4451	10495	6505
0:56:45	30.0	14424	5371	11649	5127	16565	7488	7811	4463	10520	6462
0:56:50	30.0	14468	5372	11614	5120	16640	7486	7830	4477	10412	6483
0:56:55	30.0	14444	5409	11657	5109	16731	7460	7830	4454	10571	6457
0:57:00	30.0	14637	5393	11645	5114	16612	7475	7837	4437	10484	6485
0:57:05	30.0	14439	5409	11700	5147	16673	7501	7913	4471	10461	6519
0:57:10	30.0	14389	5374	11685	5111	16727	7478	7887	4434	10443	6502
0:57:15	30.0	14455	5359	11700	5122	16686	7431	7853	4469	10465	6479
0:57:20	30.0	14429	5416	11618	5097	16625	7500	7876	4482	10463	6464
0:57:25	30.0	14498	5367	11589	5097	16740	7443	7885	4444	10437	6442
0:57:30	30.0	14464	5407	11759	5135	16592	7529	7815	4451	10409	6456
0:57:35	30.0	14385	5413	11684	5108	16744	7482	7896	4454	10517	6522
0:57:40	30.0	14482	5371	11658	5116	16818	7454	7825	4505	10486	6522
0:57:45	30.0	14501	5391	11585	5153	16605	7430	7903	4466	10416	6484
0:57:50	30.0	14571	5434	11689	5150	16769	7443	7864	4473	10425	6459
0:57:55	30.0	14461	5353	11749	5147	16661	7473	7842	4497	10504	6497
0:58:00	30.0	14471	5352	11617	5145	16710	7485	7837	4502	10578	6589
0:58:05	30.0	14462	5341	11681	5121	16839	7474	7863	4451	10488	6506
0:58:10	30.0	14500	5397	11719	5121	16681	7461	7884	4503	10432	6524
0:58:15	30.0	14440	5366	11722	5127	16835	7469	7881	4473	10540	6467
0:58:20	30.0	14448	5421	11723	5151	16730	7513	7902	4462	10481	6530
0:58:25	30.0	14541	5421	11806	5168	16741	7493	7884	4451	10454	6487
0:58:30	30.0	14488	5412	11591	5081	16742	7577	7849	4479	10478	6465
0:58:35	30.1	14479	5432	11708	5078	16665	7537	7902	4472	10583	6480
0:58:40	30.0	14541	5419	11672	5139	16808	7484	7830	4469	10577	6520
0:58:45	30.0	14483	5398	11682	5121	16691	7465	7895	4434	10442	6487
0:58:50	30.0	14379	5392	11664	5191	16805	7518	7884	4505	10416	6547
0:58:55	30.0	14520	5470	11724	5152	16821	7442	7943	4459	10516	6528
0:59:00	30.0	14450	5456	11768	5157	16842	7495	7935	4512	10548	6471
0:59:05	30.0	14423	5417	11690	5164	16859	7515	7871	4488	10472	6493
0:59:10	30.0	14456	5399	11713	5158	16842	7516	7824	4477	10429	6480
0:59:15	30.0	14407	5364	11647	5151	16946	7502	7822	4534	10382	6567
0:59:20	30.0	14403	5406	11755	5118	16754	7477	7843	4457	10448	6510
0:59:25	30.0	14362	5369	11638	5136	16720	7531	7868	4472	10459	6489
0:59:30	30.0	14520	5429	11675	5164	16630	7481	7899	4483	10464	6529
0:59:35	30.0	14530	5382	11736	5127	16833	7505	7923	4468	10413	6503
0:59:40	30.0	14428	5436	11699	5113	16769	7536	7847	4456	10376	6468
0:59:45	30.0	14581	5429	11670	5181	16871	7526	7843	4528	10448	6498
0:59:50	30.0	14550	5387	11647	5160	16854	7537	7945	4503	10510	6479
0:59:55	30.0	14458	5446	11775	5203	16743	7552	7860	4458	10490	6534
1:00:00	30.0	14400	5403	11714	5145	16878	7544	7877	4462	10469	6487

Results
	1	2	3	4	5	6	7	8	9	10	11	12
A	3552000.000	1392000.000	3048000.000	-1308000.000	-4056000.000	1824000.000	2484000.000	-1260000.000	-2148000.000	1452000.000			Max V [425,457]
	1.000	1.000	1.000	1.000	1.000	1.000	1.000	1.000	1.000	1.000			R-Squared [425,457]
	0:06:18	0:41:08	0:26:43	0:40:13	0:56:43	0:24:43	0:00:38	0:54:28	0:45:08	0:32:13			t at Max V [425,457]
	0:03:51	0:40:54	0:24:34	0:40:28	0:59:11	0:24:33	0:00:24	0:54:34	0:46:57	0:32:09			Lagtime [425,457]
B													Max V [425,457]
													R-Squared [425,457]
													t at Max V [425,457]
													Lagtime [425,457]
C													Max V [425,457]
													R-Squared [425,457]
													t at Max V [425,457]
													Lagtime [425,457]
D													Max V [425,457]
													R-Squared [425,457]
													t at Max V [425,457]
													Lagtime [425,457]
E													Max V [425,457]
													R-Squared [425,457]
													t at Max V [425,457]
													Lagtime [425,457]
F													Max V [425,457]
													R-Squared [425,457]
													t at Max V [425,457]
													Lagtime [425,457]
G													Max V [425,457]
													R-Squared [425,457]
													t at Max V [425,457]
													Lagtime [425,457]
H													Max V [425,457]
													R-Squared [425,457]
													t at Max V [425,457]
													Lagtime [425,457]

