

Software Version	3.03.14



Experiment File Path:	C:\Users\Public\Documents\Experiments\CJM\20210118_GAP_assay.xpt
Protocol File Path:	C:\Users\Public\Documents\Protocols\CJM\GAP_Assay.prt



Plate Number	Plate 1
Date	1/18/2021
Time	5:30:35 PM
Reader Type:	Synergy H1
Reader Serial Number:	1803011C
Reading Type	Reader

Procedure Details

Plate Type	Costar 96 well half area
Set Temperature	Setpoint 30°C
Start Kinetic	Runtime 1:00:00 (HH:MM:SS), Interval 0:00:05, 721 Reads
    Read	Fluorescence Endpoint
	E1..E12
	Filter Set 1
	    Excitation: 425,  Emission: 457
	    Optics: Bottom,  Gain: 57
	Light Source: Xenon Flash,  Lamp Energy: High
	Read Speed: Normal,  Delay: 0 msec,  Measurements/Data Point: 5
	Read Height: 7 mm
End Kinetic	

Layout
	1	2	3	4	5	6	7	8	9	10	11	12
A													Well ID
B													Well ID
C													Well ID
D													Well ID
E	SPL1	SPL2	SPL3	SPL4	SPL5	SPL6	SPL7	SPL8	SPL9	SPL10	SPL11	SPL12	Well ID
F													Well ID
G													Well ID
H													Well ID

425,457

Time	T° 425,457	E1	E2	E3	E4	E5	E6	E7	E8	E9	E10	E11	E12
0:00:00	30.0	5244	5091	5151	5120	5419	4838	7177	6877	7310	7012	7387	6825
0:00:05	30.0	5308	5135	5306	5096	5322	4833	7323	6927	7343	7045	7579	6790
0:00:10	30.0	5443	5082	5322	4973	5401	4801	7483	6965	7474	7026	7645	6764
0:00:15	30.0	5537	5110	5424	4988	5486	4820	7558	6887	7489	7068	7715	6797
0:00:20	30.0	5627	5137	5543	5011	5613	4814	7677	6929	7641	7019	7923	6829
0:00:25	30.0	5795	5126	5568	5000	5762	4903	7877	6927	7839	6993	8032	6807
0:00:30	30.0	5879	5137	5684	5002	5847	4875	8001	6959	7870	7018	8177	6757
0:00:35	30.0	6017	5156	5753	5017	5958	4856	8046	6977	7995	6976	8278	6771
0:00:40	30.0	6074	5120	5854	5019	6063	4852	8227	6976	8091	7060	8418	6810
0:00:45	30.0	6197	5159	5951	5036	6162	4846	8384	6957	8205	6982	8533	6846
0:00:50	30.0	6274	5115	6040	5044	6199	4902	8463	6974	8282	7030	8694	6771
0:00:55	30.0	6427	5101	6120	5034	6353	4865	8518	6969	8383	7035	8784	6767
0:01:00	30.0	6555	5113	6182	5041	6421	4877	8753	6940	8506	7044	8862	6793
0:01:05	30.0	6703	5130	6277	5076	6477	4891	8808	7045	8598	6989	9034	6778
0:01:10	30.0	6807	5119	6358	5079	6618	4869	8924	6913	8692	7021	9143	6759
0:01:15	30.0	6909	5154	6469	5046	6695	4865	9033	6981	8795	7029	9323	6799
0:01:20	30.0	7012	5178	6513	5135	6803	4873	9196	6975	8782	7060	9345	6810
0:01:25	30.0	7097	5124	6653	5120	6873	4840	9363	7041	8921	6976	9430	6774
0:01:30	30.0	7310	5109	6739	5139	6997	4850	9416	6981	9070	7013	9606	6750
0:01:35	30.0	7414	5135	6789	5116	7126	4884	9578	6984	9105	7018	9709	6745
0:01:40	30.0	7510	5219	6908	5128	7253	4901	9664	7062	9306	6986	9908	6737
0:01:45	30.0	7508	5190	6994	5173	7351	4889	9704	7006	9325	7073	9988	6810
0:01:50	30.0	7750	5238	7083	5127	7458	4889	9977	6999	9450	7042	10127	6846
0:01:55	30.0	7817	5224	7246	5191	7487	4895	10065	7004	9585	7001	10239	6819
0:02:00	30.0	8024	5244	7217	5132	7634	4904	10177	6978	9624	7066	10292	6803
0:02:05	30.0	8065	5267	7334	5190	7741	4866	10238	6972	9711	6962	10402	6769
0:02:10	30.0	8152	5254	7346	5134	7867	4889	10292	6946	9881	6986	10506	6721
0:02:15	30.0	8341	5266	7463	5139	7981	4876	10465	6976	9898	7006	10674	6807
0:02:20	30.0	8490	5284	7513	5170	8016	4898	10514	6947	10015	6952	10766	6808
0:02:25	30.0	8633	5305	7544	5152	8124	4961	10728	6993	10056	6955	10883	6797
0:02:30	30.0	8692	5257	7694	5166	8127	4912	10854	6992	10191	7032	11052	6809
0:02:35	30.0	8740	5283	7824	5115	8265	4900	10944	6986	10239	6990	11098	6846
0:02:40	30.0	8852	5216	7853	5091	8321	4939	11115	7005	10327	6999	11173	6786
0:02:45	30.0	8994	5258	7965	5124	8397	4929	11222	7032	10388	7051	11391	6760
0:02:50	30.0	9094	5333	7967	5090	8437	4905	11277	7021	10498	7025	11448	6832
0:02:55	30.0	9198	5264	7988	5111	8532	4949	11362	7031	10588	7056	11582	6831
0:03:00	30.0	9342	5318	8119	5108	8502	4966	11547	6984	10602	7064	11603	6781
0:03:05	30.0	9442	5224	8216	5139	8594	4963	11638	6937	10717	7005	11633	6826
0:03:10	30.0	9556	5257	8294	5164	8698	4922	11689	6966	10769	6996	11819	6819
0:03:15	30.0	9608	5317	8329	5128	8826	4921	11773	6992	10908	7016	11851	6846
0:03:20	30.0	9747	5310	8369	5137	8800	4979	11843	6973	10958	7044	12070	6822
0:03:25	30.0	9864	5332	8487	5164	8868	4980	12062	7006	10894	7032	12142	6818
0:03:30	30.0	9989	5325	8434	5170	9080	4959	12147	7044	11135	6994	12207	6807
0:03:35	30.0	10085	5308	8548	5129	8987	4953	12166	6986	11079	6975	12313	6802
0:03:40	30.0	10138	5253	8633	5166	9112	4907	12308	7007	11103	7034	12425	6780
0:03:45	30.0	10274	5294	8663	5195	9112	4954	12449	7046	11300	7002	12418	6859
0:03:50	30.0	10453	5278	8789	5156	9263	4962	12634	6994	11206	7026	12451	6816
0:03:55	30.0	10516	5318	8726	5151	9290	4961	12707	7012	11285	7003	12599	6744
0:04:00	30.0	10707	5304	8734	5156	9303	4954	12727	7002	11364	6987	12642	6766
0:04:05	30.0	10734	5275	8818	5138	9321	4944	12808	7033	11263	7036	12746	6875
0:04:10	30.0	10809	5244	8866	5138	9433	4939	12907	7005	11366	7064	12897	6817
0:04:15	30.0	10957	5271	8869	5160	9518	4928	13055	7002	11309	7039	12890	6790
0:04:20	30.0	11002	5262	8802	5138	9466	4960	13138	7035	11341	7014	13074	6811
0:04:25	30.0	11109	5314	8876	5163	9525	4885	13226	7061	11378	7000	13109	6792
0:04:30	30.0	11237	5320	8852	5187	9643	4919	13274	6982	11436	7024	13130	6784
0:04:35	30.0	11356	5279	8912	5118	9659	4917	13492	7047	11389	7006	13238	6798
0:04:40	30.0	11404	5286	8915	5124	9601	4984	13428	7035	11351	7010	13238	6820
0:04:45	30.0	11604	5300	8965	5142	9670	4916	13700	6948	11387	7068	13294	6830
0:04:50	30.0	11680	5275	8974	5089	9693	4966	13682	6964	11533	7035	13482	6845
0:04:55	30.0	11780	5300	9007	5104	9650	4947	13806	6962	11399	7076	13386	6828
0:05:00	30.0	11795	5281	8984	5097	9779	4923	13959	7054	11350	7009	13455	6873
0:05:05	30.0	11991	5298	8951	5128	9742	4945	14004	6977	11369	7051	13522	6856
0:05:10	30.0	12152	5268	8956	5119	9751	4975	14121	7016	11439	7057	13429	6840
0:05:15	30.0	12122	5271	9006	5111	9857	4959	14111	6975	11394	7039	13570	6810
0:05:20	30.0	12240	5262	8996	5175	9755	4962	14270	7003	11445	7048	13663	6795
0:05:25	30.0	12346	5286	8988	5165	9800	4970	14367	7014	11422	7075	13782	6821
0:05:30	30.0	12512	5273	8991	5132	9895	4969	14358	6960	11569	7102	13704	6807
0:05:35	30.0	12606	5266	8988	5138	9887	4957	14442	6972	11472	7015	13718	6883
0:05:40	30.0	12636	5339	9041	5229	9849	4962	14518	7003	11462	7003	13907	6836
0:05:45	30.0	12778	5344	8992	5153	9879	4931	14822	7015	11527	6997	13802	6843
0:05:50	30.0	12812	5280	9036	5198	9767	4946	14716	7032	11454	7144	13904	6877
0:05:55	30.0	12926	5322	9034	5152	9958	4949	14896	7025	11401	7018	13827	6833
0:06:00	30.0	13040	5247	8925	5160	9852	4953	14919	7002	11537	7011	13822	6855
0:06:05	30.0	13006	5265	9029	5172	9942	4943	14900	6977	11501	7016	13877	6847
0:06:10	30.0	13210	5286	8950	5161	9938	4938	15083	6993	11409	6986	14004	6834
0:06:15	30.0	13266	5269	9012	5136	9934	5023	15101	7064	11428	7086	14042	6839
0:06:20	30.0	13317	5270	8974	5195	9905	4988	15291	7073	11430	7023	13914	6834
0:06:25	30.0	13365	5304	8940	5151	9962	4990	15256	7037	11566	7030	13924	6799
0:06:30	30.0	13581	5296	8940	5177	9995	4962	15396	7065	11544	7027	13985	6818
0:06:35	30.0	13529	5258	9067	5175	9942	4988	15371	7024	11455	7063	14031	6901
0:06:40	30.0	13480	5291	9081	5115	9886	5016	15396	6992	11396	7014	13915	6852
0:06:45	30.0	13629	5319	8932	5182	10024	4992	15472	6984	11482	7050	14016	6872
0:06:50	30.0	13605	5327	8986	5151	9910	4955	15642	7019	11488	7001	14025	6852
0:06:55	30.0	13701	5268	9059	5212	9967	5002	15497	7061	11513	7027	14005	6871
0:07:00	30.0	13718	5304	9090	5153	9930	4997	15624	6969	11402	7095	14112	6829
0:07:05	30.0	13728	5310	8926	5151	10009	5000	15465	7025	11469	7020	14056	6911
0:07:10	30.0	13767	5245	9047	5116	9916	4966	15747	7058	11621	7079	14037	6868
0:07:15	30.0	13792	5271	8984	5131	9925	5029	15788	7056	11421	7005	14030	6835
0:07:20	30.0	13893	5327	8982	5157	9969	5070	15751	7012	11437	7078	14082	6828
0:07:25	30.0	13847	5277	9005	5160	9925	5076	15830	6994	11467	7038	14125	6854
0:07:30	30.0	14028	5236	8967	5132	9922	5043	15848	7004	11410	7015	14037	6852
0:07:35	30.0	13988	5284	8965	5159	9906	5010	15737	7020	11374	7038	14019	6837
0:07:40	30.0	13947	5286	9067	5184	9890	5047	15758	7039	11429	7073	14008	6844
0:07:45	30.0	13924	5266	8969	5124	9921	4989	15736	7014	11455	7009	14017	6832
0:07:50	30.0	13880	5313	8977	5167	10048	5013	15821	7030	11565	7090	14074	6841
0:07:55	30.0	13954	5301	9090	5124	9891	4978	15785	7031	11460	7030	13962	6853
0:08:00	30.0	13957	5223	9006	5156	9938	5027	15692	7008	11437	7054	14050	6848
0:08:05	30.0	13949	5308	9076	5126	9879	5009	15711	7003	11493	7024	13998	6842
0:08:10	30.0	13976	5290	9085	5189	9928	5048	15933	7014	11394	7041	14138	6884
0:08:15	30.0	13997	5357	8968	5137	9840	5052	15793	7052	11388	7027	14172	6903
0:08:20	30.0	13923	5363	9026	5188	9967	5054	15938	7022	11446	7092	14113	6856
0:08:25	30.0	13886	5355	9115	5134	9927	4995	15680	7021	11376	6977	14239	6814
0:08:30	30.0	13975	5339	9047	5128	9890	5070	15717	6987	11421	7021	14038	6874
0:08:35	30.0	13984	5339	9000	5171	9978	5044	15810	6995	11363	7024	14102	6846
0:08:40	30.0	13891	5361	8973	5144	9922	5055	15749	7045	11444	7081	13913	6812
0:08:45	30.0	13955	5324	8991	5230	9892	5027	15853	6985	11339	7101	14046	6869
0:08:50	30.0	13959	5347	9018	5134	9972	5036	15745	6984	11426	7007	14029	6847
0:08:55	30.0	13921	5319	9009	5130	9852	5055	15854	6996	11449	7018	14081	6872
0:09:00	30.0	14053	5330	9036	5157	9860	5014	15724	6988	11444	7044	14012	6794
0:09:05	30.0	13944	5350	8998	5144	9979	5034	15755	7087	11357	7041	13988	6814
0:09:10	30.0	13884	5334	9006	5138	9883	5028	15794	7063	11464	7122	14085	6800
0:09:15	30.0	13956	5347	9116	5169	9859	5005	15772	7080	11453	7027	13996	6851
0:09:20	30.0	13980	5314	9075	5157	9876	5065	15841	7029	11427	7044	14118	6797
0:09:25	30.0	13939	5366	9038	5146	9847	5026	15706	7073	11414	7081	14028	6885
0:09:30	30.0	13919	5328	9003	5164	9879	5046	15708	7026	11402	7110	13999	6811
0:09:35	30.0	13925	5353	9068	5147	9962	5034	15794	6975	11463	7061	14033	6839
0:09:40	30.0	13849	5330	9025	5182	9968	5044	15737	7004	11496	6976	13978	6853
0:09:45	30.0	13970	5334	9068	5191	9812	5037	15763	7039	11445	7017	14076	6872
0:09:50	30.0	13918	5316	9066	5152	9864	5023	15799	7022	11340	7018	13898	6855
0:09:55	30.0	13927	5372	9053	5181	9935	5030	15734	7031	11347	7030	13982	6856
0:10:00	30.0	13793	5332	9039	5207	9967	5061	15659	7074	11335	7013	14002	6834
0:10:05	30.0	13952	5305	9009	5183	9887	5025	15667	7086	11354	7079	14011	6845
0:10:10	30.0	14017	5310	9057	5172	9962	5077	15654	6995	11339	6983	14080	6795
0:10:15	30.0	13833	5306	9041	5157	9927	5012	15716	7023	11386	7076	14001	6805
0:10:20	30.0	13977	5318	9091	5160	9955	5030	15674	6978	11506	7030	13991	6820
0:10:25	30.0	13977	5328	9043	5196	9862	5083	15671	7024	11407	7104	13899	6882
0:10:30	30.0	13804	5407	9002	5201	9886	5057	15704	6984	11413	6998	13843	6868
0:10:35	30.0	14094	5297	9022	5183	9828	5023	15619	7091	11332	7015	13918	6772
0:10:40	30.0	13952	5330	9035	5201	9858	5039	15695	7020	11473	7133	13991	6791
0:10:45	30.0	13969	5421	9042	5236	9882	5013	15612	7069	11341	7024	14014	6858
0:10:50	30.0	13855	5376	9020	5200	9827	5052	15722	7049	11335	7029	14052	6804
0:10:55	30.0	14054	5337	9077	5192	9870	5003	15621	7094	11424	7055	13977	6838
0:11:00	30.0	13788	5338	9098	5223	9862	5055	15663	7028	11403	7108	13955	6805
0:11:05	30.0	13901	5415	9057	5218	9893	5055	15812	6987	11378	7088	14116	6831
0:11:10	30.0	13867	5334	9003	5192	9874	5071	15578	7007	11312	7017	14019	6834
0:11:15	30.0	13791	5380	8975	5195	9823	5041	15583	7016	11413	7078	14009	6850
0:11:20	30.0	13866	5347	9037	5206	9864	5050	15653	7033	11380	7066	13955	6847
0:11:25	30.0	13965	5306	9025	5194	9859	5091	15601	7065	11402	7082	13965	6803
0:11:30	30.0	13900	5292	9047	5218	9789	5013	15703	7059	11336	7061	14054	6838
0:11:35	30.0	13841	5341	9108	5157	9903	5026	15774	7133	11409	7010	13894	6831
0:11:40	30.0	13917	5370	9054	5212	9936	5048	15691	6999	11433	7028	13841	6844
0:11:45	30.0	14013	5311	9033	5230	9945	5044	15670	7018	11418	6967	13977	6842
0:11:50	30.0	13771	5361	9076	5184	9870	5060	15748	6991	11408	7070	13890	6815
0:11:55	30.0	13894	5423	9034	5207	9845	5031	15605	7002	11319	7075	13934	6847
0:12:00	30.0	13857	5364	8987	5212	9882	5024	15736	7046	11352	6969	13919	6832
0:12:05	30.0	13869	5393	9031	5165	9765	5005	15549	7060	11418	7015	13933	6835
0:12:10	30.0	13922	5362	9034	5177	9888	5054	15674	7062	11323	7037	13907	6798
0:12:15	30.0	13976	5302	9094	5215	9902	5092	15543	7034	11344	7049	13907	6837
0:12:20	30.0	13869	5388	9072	5228	9856	5051	15627	7055	11475	7017	13970	6863
0:12:25	30.0	13926	5374	9050	5182	9943	5084	15623	7074	11407	7039	13872	6795
0:12:30	30.0	13926	5389	9058	5261	9804	5005	15550	7053	11410	6996	13943	6801
0:12:35	30.0	13872	5357	9039	5198	9801	5057	15563	7080	11364	7037	13949	6827
0:12:40	30.0	13851	5420	8979	5174	9809	5030	15586	6983	11383	7015	13970	6849
0:12:45	30.0	13813	5384	9087	5189	9824	5031	15529	7007	11313	7073	13994	6896
0:12:50	30.0	13862	5332	9047	5256	9898	4999	15634	7071	11291	7023	13841	6856
0:12:55	30.0	13969	5389	9074	5233	9841	5054	15729	7008	11349	7051	13887	6824
0:13:00	30.0	13848	5369	9051	5225	9859	4992	15584	7078	11397	7108	13799	6862
0:13:05	30.0	13863	5352	9114	5197	9760	5070	15596	7052	11390	7090	13904	6856
0:13:10	30.0	13800	5376	9027	5248	9749	5047	15557	7087	11392	7026	13850	6800
0:13:15	30.0	13822	5399	9175	5240	9870	5073	15678	7066	11371	7085	13955	6802
0:13:20	30.0	13928	5341	8977	5245	9883	5043	15591	7067	11291	7044	13788	6846
0:13:25	30.0	13858	5314	9072	5209	9807	5084	15508	7025	11286	7028	13927	6888
0:13:30	30.0	13818	5358	9014	5260	9779	5047	15532	7003	11403	7050	13938	6795
0:13:35	30.0	13887	5392	9048	5194	9759	5022	15484	7094	11352	7104	13829	6837
0:13:40	30.0	13869	5327	9020	5224	9834	5048	15576	7058	11348	7100	13819	6866
0:13:45	30.0	13883	5340	9055	5242	9852	5062	15608	7056	11388	7004	13868	6883
0:13:50	30.0	13928	5397	9014	5243	9859	5049	15510	7084	11317	7004	13813	6891
0:13:55	30.0	13962	5353	9090	5247	9819	5081	15523	7057	11358	7043	13823	6851
0:14:00	30.0	13793	5383	8996	5217	9848	5100	15584	7038	11325	7082	13926	6912
0:14:05	30.0	13776	5351	9023	5239	9791	5088	15563	7008	11325	7082	14039	6864
0:14:10	30.0	13843	5367	9056	5227	9818	5041	15561	7102	11432	7069	13806	6854
0:14:15	30.0	13849	5373	9038	5261	9759	5002	15404	6990	11437	7034	13849	6806
0:14:20	30.0	13841	5340	9000	5232	9848	5056	15696	7007	11390	7084	13786	6785
0:14:25	30.0	13906	5369	9016	5241	9797	5096	15639	7045	11328	6979	13877	6820
0:14:30	30.0	13817	5404	8998	5242	9819	5053	15488	7054	11346	7077	13830	6891
0:14:35	30.0	13830	5387	8924	5250	9801	5035	15444	7064	11286	7043	13828	6796
0:14:40	30.0	13806	5323	8992	5271	9819	5060	15513	6994	11427	7024	13886	6858
0:14:45	30.0	13785	5387	9098	5249	9786	5068	15537	7053	11262	7048	13887	6850
0:14:50	30.0	13911	5398	9084	5192	9799	5061	15480	7073	11292	7027	13949	6880
0:14:55	30.0	13756	5377	9127	5241	9767	5028	15510	7041	11398	7084	13849	6871
0:15:00	30.0	13842	5359	8981	5271	9922	5102	15596	7060	11321	7046	13797	6841
0:15:05	30.0	13762	5364	8968	5262	9745	5060	15554	7015	11275	7049	13795	6824
0:15:10	30.0	13849	5420	9001	5212	9695	5075	15546	7078	11376	7088	13869	6849
0:15:15	30.0	13769	5374	8988	5247	9826	5055	15657	7066	11350	7066	13780	6939
0:15:20	30.0	13897	5445	8995	5281	9819	5094	15555	7137	11422	6977	13779	6847
0:15:25	30.0	13857	5427	9003	5203	9738	5100	15597	7053	11346	7043	13872	6859
0:15:30	30.0	13820	5427	9106	5246	9767	5043	15457	7051	11354	7018	13770	6836
0:15:35	30.0	13855	5431	9030	5237	9694	5017	15557	7137	11305	7001	13764	6908
0:15:40	30.0	13788	5401	8974	5233	9853	5061	15552	7045	11347	7043	13828	6845
0:15:45	30.0	13854	5423	9006	5245	9846	5079	15558	7046	11311	7014	13782	6844
0:15:50	30.0	13836	5416	9013	5208	9828	5050	15540	7070	11337	7021	13744	6849
0:15:55	30.0	13850	5339	8968	5243	9773	5032	15358	7071	11283	7040	13800	6867
0:16:00	30.0	13914	5360	9073	5213	9811	5087	15403	7082	11281	7041	13780	6880
0:16:05	30.0	13817	5415	8984	5259	9810	5113	15413	7006	11338	7058	13784	6907
0:16:10	30.0	13749	5350	8992	5196	9744	5055	15437	7047	11309	7083	13882	6850
0:16:15	30.0	13828	5413	9077	5238	9762	5050	15649	7038	11357	7114	13732	6820
0:16:20	30.0	13798	5387	8993	5300	9748	5056	15459	7050	11291	7016	13926	6865
0:16:25	30.0	13828	5380	8987	5285	9759	5061	15548	7064	11340	7004	13794	6827
0:16:30	30.0	13780	5384	8945	5237	9758	5105	15514	7056	11313	6996	13994	6816
0:16:35	30.0	13939	5357	8979	5257	9830	5069	15592	7090	11412	6989	13766	6925
0:16:40	30.0	13757	5377	9012	5229	9747	5013	15384	7089	11436	7006	13746	6832
0:16:45	30.0	13794	5378	9042	5287	9728	5076	15404	7109	11318	7034	13724	6855
0:16:50	30.0	13823	5415	8997	5268	9791	5081	15529	7092	11330	7011	13774	6846
0:16:55	30.0	13713	5377	9108	5248	9786	5062	15569	7056	11360	7059	13782	6867
0:17:00	30.0	13933	5436	9147	5272	9813	5071	15564	7173	11335	7068	13847	6880
0:17:05	30.0	13828	5412	9056	5271	9777	5062	15362	7044	11419	7107	13771	6875
0:17:10	30.0	13668	5379	8973	5247	9789	5097	15448	7117	11345	7139	13792	6886
0:17:15	30.0	13808	5408	8966	5249	9790	5077	15445	7108	11333	7009	13718	6918
0:17:20	30.0	13861	5402	9016	5250	9827	5034	15499	7094	11344	7076	13869	6906
0:17:25	30.0	13739	5425	9049	5293	9715	5092	15415	7099	11429	7097	13796	6866
0:17:30	30.0	13795	5390	9005	5265	9818	5048	15337	7081	11358	7068	13816	6844
0:17:35	30.0	13842	5375	8961	5233	9734	5061	15383	7022	11277	7109	13821	6916
0:17:40	30.0	14014	5423	9077	5209	9700	5084	15439	7074	11380	7009	13728	6863
0:17:45	30.0	13678	5393	8982	5262	9812	5037	15403	7016	11321	7038	13759	6869
0:17:50	30.0	13798	5410	9089	5251	9827	5029	15444	7118	11351	7090	13909	6881
0:17:55	30.0	13867	5443	9014	5309	9830	5065	15499	7033	11365	7021	13793	6892
0:18:00	30.0	13804	5425	9020	5235	9751	5043	15330	7045	11380	7122	13811	6872
0:18:05	30.0	13748	5384	9061	5285	9798	5086	15487	7088	11298	7027	13853	6883
0:18:10	30.0	13793	5459	9039	5272	9855	5046	15392	7099	11340	7022	13771	6856
0:18:15	30.0	13836	5399	8990	5302	9735	5116	15419	7059	11237	7066	13708	6870
0:18:20	30.0	13875	5404	9094	5267	9841	5039	15376	7083	11390	7045	13832	6891
0:18:25	30.0	13754	5436	9058	5243	9776	5078	15351	7088	11365	7077	13720	6884
0:18:30	30.0	13801	5413	9019	5278	9725	5116	15427	7101	11332	7081	13695	6869
0:18:35	30.0	13776	5414	8988	5289	9774	5075	15335	7095	11311	7144	13776	6873
0:18:40	30.0	13912	5390	9032	5277	9772	5058	15425	7044	11251	7079	13719	6861
0:18:45	30.0	13806	5431	8977	5325	9701	5091	15321	7066	11393	7096	13759	6870
0:18:50	30.0	13881	5425	9003	5299	9681	5051	15369	7099	11347	7071	13775	6852
0:18:55	30.0	13818	5450	9017	5264	9670	5108	15439	7120	11395	7083	13799	6928
0:19:00	30.0	13907	5433	9078	5281	9790	5050	15349	7067	11377	7045	13834	6877
0:19:05	30.0	13852	5422	9007	5307	9793	5105	15447	7087	11364	7118	13748	6880
0:19:10	30.0	13750	5445	8992	5255	9761	5071	15342	7095	11348	7120	13738	6852
0:19:15	30.0	13830	5419	8971	5292	9816	5035	15387	7049	11354	7124	13750	6936
0:19:20	30.0	13746	5438	9016	5273	9804	5078	15393	7128	11343	7071	13801	6846
0:19:25	30.0	13775	5446	9045	5293	9737	5067	15496	7119	11377	7006	13721	6884
0:19:30	30.0	13718	5457	9018	5286	9802	5069	15492	7058	11317	7031	13800	6930
0:19:35	30.0	13730	5402	9063	5308	9755	5086	15344	7117	11288	7108	13779	6858
0:19:40	30.0	13777	5418	9097	5271	9770	5059	15511	7051	11375	7089	13703	6877
0:19:45	30.0	13808	5470	9067	5282	9790	5051	15423	7093	11306	7036	13831	6848
0:19:50	30.0	13791	5454	9077	5296	9762	5069	15538	7129	11240	7079	13758	6859
0:19:55	30.0	13746	5440	9021	5283	9745	5057	15437	7098	11262	7178	13753	6868
0:20:00	30.0	13780	5429	9104	5333	9729	5140	15462	7068	11315	7133	13692	6888
0:20:05	30.0	13761	5418	9040	5361	9766	5061	15355	7050	11381	7125	13724	6941
0:20:10	30.0	13747	5452	9068	5300	9754	5066	15463	7065	11324	7055	13737	6864
0:20:15	30.0	13737	5456	9043	5336	9789	5079	15333	7042	11437	7050	13626	6901
0:20:20	30.0	13821	5450	9015	5297	9792	5055	15377	7154	11427	7132	13774	6901
0:20:25	30.0	13803	5473	9128	5293	9790	5057	15360	7151	11313	7068	13794	6928
0:20:30	30.0	13902	5379	8978	5268	9693	5061	15471	7085	11377	7077	13770	6957
0:20:35	30.0	13856	5498	9136	5323	9701	5109	15444	7055	11350	7138	13741	6963
0:20:40	30.0	13854	5448	9115	5251	9752	5100	15487	7136	11320	7087	13725	6971
0:20:45	30.0	13729	5458	8993	5284	9679	5039	15386	7096	11315	7105	13655	6856
0:20:50	30.0	13782	5432	9040	5297	9726	5043	15180	7144	11321	7151	13794	6919
0:20:55	30.0	13740	5421	8990	5266	9732	5095	15313	7060	11416	7076	13658	6924
0:21:00	30.0	13733	5499	9116	5304	9737	5112	15342	7123	11328	7085	13775	6920
0:21:05	30.0	13844	5447	9012	5247	9713	5098	15402	7087	11317	7068	13730	6912
0:21:10	30.0	13662	5467	9004	5294	9738	5080	15452	7089	11374	7115	13668	6900
0:21:15	30.0	13666	5452	9077	5307	9667	5103	15406	7100	11340	7119	13678	6978
0:21:20	30.0	13860	5457	9039	5267	9732	5117	15461	7062	11378	7067	13700	6894
0:21:25	30.0	13888	5474	8992	5292	9726	5105	15357	7114	11300	7090	13792	6919
0:21:30	30.0	13792	5528	9046	5320	9684	5089	15360	7094	11285	7042	13733	6901
0:21:35	30.0	13803	5480	9042	5279	9673	5088	15448	7098	11349	7111	13859	6911
0:21:40	30.0	13810	5468	9069	5335	9728	5088	15385	7069	11468	7118	13698	6849
0:21:45	30.0	13762	5450	9098	5313	9713	5080	15438	7135	11340	7096	13655	6920
0:21:50	30.0	13780	5479	9069	5312	9673	5132	15439	7089	11323	7154	13694	6856
0:21:55	30.0	13781	5491	9042	5304	9653	5073	15357	7136	11292	7075	13720	6935
0:22:00	30.0	13806	5474	9151	5301	9683	5053	15301	7086	11321	7135	13781	6981
0:22:05	30.0	13788	5525	9086	5333	9670	5109	15296	7087	11359	7119	13700	6935
0:22:10	30.0	13756	5493	9095	5314	9783	5064	15414	7160	11418	7108	13728	6978
0:22:15	30.0	13747	5436	9124	5321	9787	5112	15289	7129	11512	7128	13810	6964
0:22:20	30.0	13803	5468	9080	5326	9780	5100	15254	7140	11362	7083	13627	6947
0:22:25	30.0	13669	5447	9128	5314	9688	5096	15409	7084	11273	7085	13676	6935
0:22:30	30.0	13751	5477	9064	5317	9685	5065	15351	7098	11436	7053	13692	6898
0:22:35	30.0	13809	5439	9025	5309	9697	5087	15242	7183	11410	7156	13753	6897
0:22:40	30.0	13619	5508	9089	5312	9804	5108	15412	7149	11412	7093	13697	6921
0:22:45	30.0	13813	5502	9095	5313	9690	5084	15415	7145	11354	7137	13674	6936
0:22:50	30.0	13676	5502	9109	5374	9727	5135	15380	7114	11326	7117	13739	6970
0:22:55	30.0	13733	5481	9183	5358	9689	5122	15367	7101	11400	7144	13781	6899
0:23:00	30.0	13760	5495	9142	5313	9689	5084	15395	7148	11430	7079	13671	6910
0:23:05	30.0	13799	5457	9089	5309	9718	5102	15413	7143	11358	7143	13636	6920
0:23:10	30.0	13788	5455	9049	5320	9744	5053	15300	7133	11292	7096	13734	6964
0:23:15	30.0	13682	5428	9069	5344	9665	5120	15448	7066	11411	7151	13638	6910
0:23:20	30.0	13790	5526	9090	5300	9630	5112	15461	7117	11391	7143	13640	6947
0:23:25	30.0	13785	5540	9083	5323	9690	5118	15290	7182	11419	7118	13683	6864
0:23:30	30.0	13725	5504	9116	5312	9676	5102	15468	7171	11457	7062	13663	6945
0:23:35	30.0	13715	5504	9032	5361	9733	5082	15340	7099	11424	7146	13626	6911
0:23:40	30.0	13847	5423	9070	5378	9692	5081	15272	7077	11302	7109	13621	6901
0:23:45	30.0	13756	5504	9097	5336	9784	5073	15321	7183	11399	7150	13774	6956
0:23:50	30.0	13768	5471	9074	5374	9705	5104	15259	7189	11372	7111	13710	6920
0:23:55	30.0	13798	5491	9071	5370	9750	5093	15349	7083	11369	7138	13737	6987
0:24:00	30.0	13711	5473	9055	5361	9731	5057	15287	7097	11397	7140	13656	6915
0:24:05	30.0	13668	5487	9049	5338	9765	5116	15351	7146	11360	7141	13741	6962
0:24:10	30.0	13843	5524	9047	5328	9674	5064	15476	7127	11305	7141	13650	7008
0:24:15	30.0	13709	5473	9063	5377	9675	5135	15425	7152	11363	7117	13733	7017
0:24:20	30.0	13774	5453	9063	5318	9697	5091	15349	7119	11324	7125	13694	6973
0:24:25	30.0	13682	5494	9052	5310	9708	5106	15282	7110	11357	7156	13644	6996
0:24:30	30.0	13796	5512	9038	5367	9669	5119	15429	7204	11366	7145	13759	6894
0:24:35	30.0	13810	5506	9123	5345	9808	5074	15363	7140	11347	7160	13588	6921
0:24:40	30.0	13721	5466	9167	5394	9693	5079	15347	7150	11404	7130	13630	6936
0:24:45	30.0	13682	5505	9124	5341	9727	5118	15321	7108	11411	7125	13726	6930
0:24:50	30.0	13700	5495	9061	5320	9701	5074	15336	7131	11353	7136	13708	6903
0:24:55	30.0	13727	5453	9112	5325	9737	5086	15346	7161	11287	7116	13614	7018
0:25:00	30.0	13728	5510	9138	5301	9696	5103	15375	7119	11357	7206	13729	6943
0:25:05	30.0	13712	5477	9090	5356	9709	5106	15296	7170	11382	7186	13714	7003
0:25:10	30.0	13947	5511	9088	5365	9687	5136	15234	7181	11330	7149	13818	6947
0:25:15	30.0	13733	5496	9120	5312	9651	5099	15294	7171	11451	7167	13675	6885
0:25:20	30.0	13695	5500	9106	5312	9688	5114	15292	7179	11358	7221	13709	6953
0:25:25	30.0	13759	5501	9155	5311	9671	5133	15341	7139	11418	7165	13595	6929
0:25:30	30.0	13783	5508	9057	5390	9743	5155	15254	7197	11426	7165	13752	6964
0:25:35	30.0	13772	5533	9093	5365	9647	5116	15272	7139	11438	7148	13850	6892
0:25:40	30.0	13632	5528	9101	5367	9652	5081	15335	7141	11385	7190	13612	7003
0:25:45	30.0	13684	5484	9108	5371	9765	5077	15277	7149	11364	7164	13712	6928
0:25:50	30.0	13763	5536	9131	5352	9689	5114	15433	7185	11338	7168	13716	6950
0:25:55	30.0	13737	5492	9151	5461	9673	5121	15279	7178	11486	7147	13709	6919
0:26:00	30.0	13926	5550	9203	5353	9722	5130	15458	7229	11311	7171	13676	6964
0:26:05	30.0	13773	5540	9120	5360	9630	5116	15465	7131	11321	7152	13639	6930
0:26:10	30.0	13878	5504	9081	5394	9715	5102	15312	7163	11416	7205	13676	6905
0:26:15	30.0	13752	5524	9123	5413	9662	5150	15406	7182	11379	7130	13646	6956
0:26:20	30.0	13856	5506	9100	5385	9630	5122	15354	7176	11373	7192	13779	6946
0:26:25	30.0	13702	5531	9117	5324	9695	5131	15380	7179	11430	7167	13671	7002
0:26:30	30.0	13811	5550	9156	5384	9616	5115	15320	7164	11421	7207	13637	6968
0:26:35	30.0	13670	5538	9104	5344	9674	5140	15238	7187	11454	7163	13651	6939
0:26:40	30.0	13663	5537	9135	5353	9683	5089	15381	7172	11340	7128	13725	6960
0:26:45	30.0	13723	5511	9114	5341	9694	5100	15325	7150	11472	7182	13653	6947
0:26:50	30.0	13795	5586	9214	5349	9678	5149	15383	7189	11376	7152	13605	6931
0:26:55	30.0	13628	5569	9133	5351	9648	5099	15311	7140	11380	7205	13703	6911
0:27:00	30.0	13656	5567	9101	5362	9583	5063	15306	7166	11377	7245	13756	7013
0:27:05	30.0	13717	5503	9206	5432	9615	5090	15401	7179	11372	7169	13655	7007
0:27:10	30.0	13615	5568	9103	5398	9696	5120	15286	7199	11485	7205	13739	7008
0:27:15	30.0	13805	5519	9178	5355	9740	5125	15426	7123	11372	7161	13612	6971
0:27:20	30.0	13734	5534	9112	5391	9644	5122	15362	7185	11518	7215	13660	6989
0:27:25	30.0	13743	5534	9094	5400	9688	5132	15302	7164	11421	7233	13759	6936
0:27:30	30.0	13792	5523	9119	5433	9650	5116	15227	7210	11427	7157	13724	6944
0:27:35	30.0	13700	5525	9080	5406	9675	5098	15370	7142	11427	7193	13576	6970
0:27:40	30.0	13795	5549	9183	5438	9698	5164	15335	7184	11371	7180	13851	6953
0:27:45	30.0	13811	5525	9104	5394	9690	5117	15361	7162	11437	7185	13664	6968
0:27:50	30.0	13780	5553	9138	5379	9648	5147	15297	7144	11467	7204	13648	7066
0:27:55	30.0	13686	5565	9142	5370	9726	5160	15308	7147	11377	7174	13651	6983
0:28:00	30.1	13661	5558	9144	5400	9667	5092	15326	7175	11428	7183	13636	7027
0:28:05	30.0	13786	5559	9241	5371	9704	5115	15317	7182	11444	7162	13719	6920
0:28:10	30.1	13831	5584	9115	5398	9699	5098	15249	7156	11449	7149	13785	6992
0:28:15	30.1	13711	5531	9133	5408	9648	5138	15431	7220	11438	7170	13656	7010
0:28:20	30.1	13746	5549	9120	5403	9742	5085	15297	7185	11338	7187	13692	6969
0:28:25	30.0	13828	5588	9129	5380	9739	5135	15402	7196	11414	7227	13691	6991
0:28:30	30.1	13789	5552	9172	5350	9743	5091	15324	7213	11382	7173	13608	6947
0:28:35	30.1	13676	5541	9168	5408	9646	5114	15356	7154	11456	7219	13656	6969
0:28:40	30.1	13725	5559	9127	5442	9641	5147	15278	7219	11370	7237	13706	6998
0:28:45	30.1	13748	5557	9109	5413	9727	5127	15336	7211	11347	7187	13629	6955
0:28:50	30.0	13689	5557	9189	5387	9702	5151	15302	7192	11329	7220	13712	6990
0:28:55	30.1	13747	5547	9165	5425	9679	5141	15265	7192	11532	7228	13678	6993
0:29:00	30.1	13755	5544	9208	5384	9704	5110	15323	7202	11448	7226	13656	7010
0:29:05	30.0	13800	5537	9133	5394	9647	5170	15426	7221	11399	7242	13744	6939
0:29:10	30.1	13656	5569	9249	5372	9669	5117	15275	7182	11452	7196	13676	7002
0:29:15	30.1	13654	5539	9150	5364	9650	5119	15288	7238	11443	7178	13626	6996
0:29:20	30.1	13688	5553	9178	5417	9698	5089	15324	7239	11442	7228	13587	6981
0:29:25	30.1	13696	5573	9249	5435	9656	5110	15323	7259	11443	7182	13788	6985
0:29:30	30.1	13736	5590	9084	5392	9697	5130	15295	7160	11502	7251	13778	7007
0:29:35	30.0	13751	5550	9149	5428	9732	5127	15215	7193	11472	7253	13614	7028
0:29:40	30.1	13641	5579	9138	5453	9674	5131	15353	7200	11406	7227	13660	6955
0:29:45	30.1	13712	5537	9199	5417	9623	5148	15290	7218	11486	7203	13702	6999
0:29:50	30.1	13730	5590	9106	5387	9647	5138	15238	7197	11385	7175	13546	7067
0:29:55	30.0	13708	5577	9152	5374	9665	5180	15252	7161	11409	7197	13718	7054
0:30:00	30.1	13727	5613	9178	5446	9630	5160	15202	7214	11425	7240	13670	7013
0:30:05	30.1	13814	5524	9161	5448	9646	5135	15433	7233	11497	7283	13666	6952
0:30:10	30.1	13691	5585	9198	5422	9573	5109	15383	7240	11449	7261	13589	6968
0:30:15	30.1	13818	5595	9168	5416	9622	5160	15403	7218	11491	7243	13562	7049
0:30:20	30.1	13734	5551	9164	5402	9765	5108	15380	7301	11477	7295	13739	6995
0:30:25	30.0	13725	5540	9164	5439	9631	5152	15332	7214	11443	7242	13648	7036
0:30:30	30.1	13594	5626	9287	5440	9691	5144	15342	7224	11395	7199	13603	7095
0:30:35	30.1	13747	5625	9153	5426	9655	5163	15298	7206	11474	7220	13554	7066
0:30:40	30.1	13812	5627	9137	5402	9691	5126	15345	7179	11564	7253	13689	7010
0:30:45	30.0	13742	5634	9228	5392	9631	5145	15378	7210	11510	7256	13724	7012
0:30:50	30.1	13750	5643	9169	5424	9677	5146	15304	7216	11493	7233	13592	6980
0:30:55	30.1	13795	5595	9227	5397	9767	5122	15314	7267	11369	7185	13678	7038
0:31:00	30.1	13641	5619	9161	5471	9671	5112	15353	7236	11442	7236	13709	7037
0:31:05	30.1	13723	5579	9137	5441	9700	5156	15352	7246	11445	7294	13628	7027
0:31:10	30.1	13747	5601	9169	5439	9675	5155	15276	7228	11505	7240	13618	7012
0:31:15	30.1	13716	5631	9161	5422	9661	5151	15330	7198	11414	7246	13667	6988
0:31:20	30.1	13741	5603	9222	5444	9750	5145	15213	7239	11431	7229	13634	7032
0:31:25	30.1	13772	5606	9217	5489	9723	5121	15263	7251	11498	7214	13740	7032
0:31:30	30.1	13776	5570	9210	5405	9721	5185	15214	7197	11444	7259	13561	7024
0:31:35	30.1	13735	5568	9205	5428	9698	5124	15358	7240	11510	7288	13710	6983
0:31:40	30.1	13702	5575	9218	5414	9612	5154	15392	7268	11441	7279	13662	6965
0:31:45	30.1	13720	5595	9259	5462	9674	5157	15205	7305	11494	7239	13625	7056
0:31:50	30.1	13645	5605	9211	5440	9644	5208	15301	7242	11548	7217	13624	7030
0:31:55	30.1	13693	5631	9186	5437	9621	5191	15276	7212	11405	7227	13575	7029
0:32:00	30.1	13656	5587	9188	5434	9653	5127	15307	7200	11513	7257	13607	7066
0:32:05	30.1	13742	5612	9125	5468	9672	5143	15261	7195	11352	7201	13703	7045
0:32:10	30.1	13744	5624	9267	5465	9687	5185	15291	7237	11463	7286	13710	7042
0:32:15	30.1	13740	5644	9152	5441	9633	5108	15286	7248	11532	7280	13732	7026
0:32:20	30.1	13726	5604	9197	5464	9586	5190	15336	7292	11496	7303	13639	7060
0:32:25	30.1	13697	5620	9187	5411	9607	5137	15259	7271	11497	7289	13709	6991
0:32:30	30.1	13774	5626	9297	5440	9642	5131	15362	7257	11429	7288	13618	7063
0:32:35	30.1	13652	5654	9223	5469	9686	5149	15274	7290	11541	7269	13639	7081
0:32:40	30.1	13755	5607	9301	5463	9588	5127	15185	7253	11524	7321	13626	6993
0:32:45	30.1	13765	5628	9200	5424	9702	5128	15381	7224	11476	7257	13583	7054
0:32:50	30.1	13660	5652	9210	5509	9639	5189	15258	7238	11431	7234	13610	7039
0:32:55	30.1	13760	5606	9213	5412	9690	5176	15224	7296	11497	7260	13662	7031
0:33:00	30.1	13823	5646	9301	5447	9687	5158	15341	7216	11458	7268	13644	7051
0:33:05	30.1	13799	5612	9263	5448	9619	5168	15301	7241	11552	7240	13654	7031
0:33:10	30.1	13732	5631	9217	5468	9639	5174	15436	7254	11499	7283	13586	7061
0:33:15	30.1	13809	5643	9200	5432	9668	5167	15402	7223	11470	7265	13587	7055
0:33:20	30.1	13724	5606	9227	5501	9642	5175	15260	7282	11432	7276	13676	7025
0:33:25	30.1	13809	5610	9247	5490	9705	5141	15259	7256	11484	7277	13623	7093
0:33:30	30.1	13615	5592	9205	5509	9694	5157	15297	7318	11512	7225	13679	7055
0:33:35	30.1	13614	5547	9219	5462	9614	5177	15248	7316	11376	7319	13754	7038
0:33:40	30.1	13770	5662	9239	5425	9708	5163	15355	7307	11430	7277	13679	7082
0:33:45	30.1	13899	5632	9252	5503	9596	5143	15214	7276	11415	7280	13679	7033
0:33:50	30.1	13798	5614	9262	5450	9692	5145	15220	7246	11525	7247	13696	7054
0:33:55	30.1	13768	5598	9201	5490	9702	5186	15410	7299	11470	7303	13677	7128
0:34:00	30.1	13621	5637	9229	5453	9689	5135	15335	7253	11487	7266	13690	7084
0:34:05	30.1	13712	5655	9364	5503	9667	5163	15162	7286	11454	7331	13668	7057
0:34:10	30.1	13730	5687	9244	5470	9666	5156	15360	7269	11500	7326	13638	7059
0:34:15	30.1	13730	5633	9235	5456	9622	5128	15219	7304	11507	7358	13698	7062
0:34:20	30.1	13766	5623	9236	5544	9665	5219	15228	7289	11536	7276	13613	7061
0:34:25	30.1	13691	5644	9289	5476	9708	5181	15298	7256	11481	7303	13606	7049
0:34:30	30.1	13763	5629	9259	5521	9635	5158	15315	7294	11482	7324	13555	7002
0:34:35	30.1	13706	5652	9198	5474	9588	5181	15231	7296	11526	7280	13586	7040
0:34:40	30.1	13786	5576	9316	5488	9711	5164	15215	7278	11499	7310	13716	7045
0:34:45	30.1	13721	5628	9262	5424	9645	5153	15233	7240	11478	7278	13639	7070
0:34:50	30.1	13682	5620	9251	5501	9637	5142	15427	7244	11439	7241	13773	7115
0:34:55	30.1	13801	5689	9237	5521	9619	5160	15226	7340	11475	7316	13583	7064
0:35:00	30.1	13637	5628	9351	5473	9723	5181	15377	7305	11455	7316	13616	7063
0:35:05	30.1	13753	5620	9311	5512	9649	5176	15302	7333	11647	7286	13580	7051
0:35:10	30.1	13680	5659	9213	5496	9582	5163	15421	7341	11521	7363	13618	7048
0:35:15	30.1	13678	5629	9224	5452	9739	5177	15298	7280	11477	7310	13603	7077
0:35:20	30.1	13645	5610	9237	5472	9619	5222	15120	7304	11562	7350	13685	7040
0:35:25	30.1	13765	5628	9247	5468	9661	5158	15209	7291	11639	7317	13594	7039
0:35:30	30.1	13747	5646	9292	5455	9665	5176	15241	7238	11644	7361	13575	7076
0:35:35	30.1	13818	5621	9254	5488	9631	5133	15237	7260	11484	7283	13650	7083
0:35:40	30.1	13583	5629	9240	5521	9620	5144	15248	7273	11501	7299	13529	7070
0:35:45	30.1	13679	5634	9282	5487	9746	5132	15316	7269	11491	7268	13649	7073
0:35:50	30.1	13630	5666	9227	5490	9645	5195	15245	7285	11468	7345	13517	7080
0:35:55	30.1	13684	5666	9230	5502	9576	5141	15184	7289	11523	7256	13532	7104
0:36:00	30.1	13756	5671	9243	5482	9629	5131	15196	7349	11613	7301	13682	7101
0:36:05	30.1	13640	5651	9253	5510	9707	5163	15280	7273	11621	7283	13612	7057
0:36:10	30.1	13633	5666	9289	5485	9607	5175	15265	7290	11599	7304	13511	7074
0:36:15	30.1	13678	5632	9238	5499	9607	5118	15238	7226	11553	7347	13746	7075
0:36:20	30.1	13576	5646	9309	5491	9584	5216	15228	7267	11503	7360	13631	7075
0:36:25	30.1	13678	5678	9261	5477	9677	5184	15278	7280	11526	7315	13743	7030
0:36:30	30.1	13662	5654	9257	5439	9600	5146	15347	7302	11441	7307	13567	7100
0:36:35	30.1	13585	5683	9284	5492	9703	5147	15275	7233	11507	7257	13572	7137
0:36:40	30.1	13614	5646	9246	5500	9694	5172	15224	7275	11532	7300	13627	7073
0:36:45	30.1	13706	5700	9272	5495	9698	5224	15238	7267	11574	7294	13636	7065
0:36:50	30.1	13650	5677	9239	5472	9651	5167	15254	7316	11571	7313	13527	7153
0:36:55	30.1	13652	5617	9239	5555	9665	5191	15212	7274	11510	7288	13611	7027
0:37:00	30.1	13735	5653	9284	5570	9587	5139	15196	7289	11524	7314	13666	7043
0:37:05	30.1	13783	5611	9244	5501	9706	5153	15143	7269	11551	7314	13631	7078
0:37:10	30.1	13705	5703	9356	5485	9630	5164	15239	7324	11573	7343	13491	7016
0:37:15	30.1	13642	5670	9278	5514	9722	5150	15232	7342	11489	7368	13605	7134
0:37:20	30.1	13710	5681	9229	5461	9566	5169	15228	7326	11528	7345	13602	7101
0:37:25	30.1	13695	5677	9259	5498	9634	5111	15417	7335	11512	7373	13654	7049
0:37:30	30.1	13658	5677	9207	5481	9547	5154	15203	7322	11588	7343	13568	7163
0:37:35	30.1	13607	5662	9287	5526	9568	5209	15138	7342	11556	7363	13553	7043
0:37:40	30.1	13657	5664	9249	5454	9621	5172	15179	7298	11475	7348	13566	7089
0:37:45	30.1	13588	5681	9305	5518	9618	5207	15372	7341	11497	7331	13534	7076
0:37:50	30.1	13740	5681	9349	5475	9619	5151	15139	7367	11625	7334	13535	7140
0:37:55	30.1	13610	5728	9264	5510	9600	5174	15210	7303	11566	7352	13528	7124
0:38:00	30.1	13754	5723	9228	5537	9608	5181	15235	7269	11567	7290	13556	7103
0:38:05	30.1	13597	5727	9341	5502	9592	5156	15328	7348	11455	7324	13637	7041
0:38:10	30.1	13658	5709	9381	5480	9557	5169	15357	7293	11524	7338	13517	7047
0:38:15	30.1	13671	5719	9306	5489	9609	5165	15213	7295	11597	7396	13635	7124
0:38:20	30.1	13557	5689	9246	5519	9694	5187	15182	7314	11544	7360	13550	7114
0:38:25	30.1	13651	5727	9294	5556	9601	5174	15299	7333	11506	7351	13498	7174
0:38:30	30.1	13667	5727	9293	5555	9666	5139	15323	7285	11573	7358	13543	7082
0:38:35	30.1	13629	5673	9258	5495	9569	5166	15269	7403	11533	7307	13626	7055
0:38:40	30.1	13659	5712	9308	5495	9595	5191	15299	7376	11465	7349	13618	7097
0:38:45	30.1	13604	5699	9286	5466	9559	5157	15320	7396	11458	7329	13605	7116
0:38:50	30.1	13740	5647	9358	5521	9521	5246	15167	7325	11628	7378	13503	7126
0:38:55	30.1	13666	5693	9361	5521	9622	5184	15185	7311	11637	7370	13640	7098
0:39:00	30.1	13530	5667	9282	5509	9632	5189	15214	7306	11565	7344	13554	7166
0:39:05	30.1	13666	5680	9286	5514	9620	5154	15277	7302	11502	7406	13536	7140
0:39:10	30.1	13516	5658	9332	5501	9615	5177	15284	7363	11461	7352	13588	7075
0:39:15	30.1	13527	5661	9371	5498	9593	5164	15074	7266	11640	7342	13605	7096
0:39:20	30.1	13603	5701	9301	5523	9603	5166	15184	7290	11518	7337	13532	7112
0:39:25	30.1	13757	5702	9314	5571	9585	5157	15198	7292	11548	7349	13543	7029
0:39:30	30.1	13542	5687	9292	5531	9574	5171	15148	7245	11587	7342	13655	7070
0:39:35	30.1	13634	5761	9326	5531	9611	5177	15186	7392	11516	7373	13569	7122
0:39:40	30.1	13794	5679	9338	5514	9541	5205	15335	7347	11631	7337	13494	7132
0:39:45	30.1	13557	5746	9290	5560	9606	5198	15131	7304	11480	7311	13620	7031
0:39:50	30.1	13742	5691	9286	5500	9578	5181	15282	7404	11656	7363	13485	7091
0:39:55	30.1	13722	5687	9352	5532	9598	5241	15228	7380	11569	7378	13493	7078
0:40:00	30.1	13613	5735	9326	5520	9612	5156	15160	7344	11631	7357	13455	7142
0:40:05	30.1	13566	5741	9336	5563	9663	5175	15317	7366	11548	7346	13536	7079
0:40:10	30.1	13702	5678	9335	5559	9646	5170	15236	7258	11597	7377	13623	7031
0:40:15	30.1	13638	5724	9408	5508	9566	5184	15219	7342	11516	7363	13523	7132
0:40:20	30.1	13757	5706	9323	5552	9536	5178	15339	7340	11663	7372	13608	7067
0:40:25	30.1	13667	5700	9266	5553	9568	5156	15223	7357	11547	7398	13531	7145
0:40:30	30.1	13613	5703	9370	5523	9659	5180	15275	7346	11574	7350	13586	7203
0:40:35	30.1	13577	5707	9349	5535	9556	5178	15236	7405	11507	7355	13596	7110
0:40:40	30.1	13688	5720	9318	5521	9614	5183	15169	7418	11574	7416	13653	7087
0:40:45	30.1	13648	5756	9297	5555	9610	5186	15145	7348	11608	7415	13586	7074
0:40:50	30.1	13676	5715	9328	5506	9702	5178	15219	7394	11537	7363	13512	7093
0:40:55	30.1	13683	5659	9268	5601	9524	5188	15281	7439	11586	7427	13553	7118
0:41:00	30.2	13750	5736	9412	5589	9572	5213	15201	7342	11552	7376	13486	7118
0:41:05	30.2	13727	5723	9350	5574	9555	5176	15256	7328	11606	7342	13655	7134
0:41:10	30.1	13725	5703	9323	5577	9615	5161	15246	7340	11576	7409	13618	7149
0:41:15	30.1	13678	5734	9316	5518	9613	5188	15122	7423	11611	7391	13557	7111
0:41:20	30.1	13600	5721	9314	5566	9570	5204	15189	7319	11561	7375	13460	7162
0:41:25	30.1	13683	5747	9376	5525	9557	5203	15151	7315	11601	7421	13438	7137
0:41:30	30.1	13676	5694	9325	5599	9559	5219	15095	7351	11647	7417	13584	7123
0:41:35	30.1	13643	5699	9385	5602	9578	5214	15357	7423	11647	7365	13424	7169
0:41:40	30.1	13716	5720	9390	5583	9651	5165	15236	7427	11638	7390	13646	7200
0:41:45	30.1	13655	5689	9395	5563	9587	5188	15245	7346	11647	7443	13565	7134
0:41:50	30.1	13634	5772	9342	5566	9614	5178	15167	7403	11605	7428	13536	7141
0:41:55	30.1	13566	5699	9328	5566	9600	5204	15288	7406	11564	7434	13560	7168
0:42:00	30.1	13695	5723	9356	5585	9543	5195	15111	7404	11539	7471	13539	7103
0:42:05	30.1	13558	5769	9328	5568	9626	5179	15125	7426	11701	7416	13570	7096
0:42:10	30.1	13606	5685	9307	5562	9599	5224	15290	7329	11633	7438	13512	7118
0:42:15	30.1	13596	5736	9400	5566	9597	5163	15239	7400	11634	7405	13526	7164
0:42:20	30.1	13718	5732	9314	5591	9585	5145	15211	7360	11593	7443	13582	7130
0:42:25	30.1	13677	5758	9341	5615	9554	5161	15278	7345	11622	7376	13500	7155
0:42:30	30.1	13669	5717	9281	5609	9582	5171	15264	7359	11658	7513	13570	7075
0:42:35	30.1	13676	5709	9333	5556	9652	5158	15195	7391	11624	7439	13542	7122
0:42:40	30.1	13710	5755	9409	5581	9540	5251	15224	7388	11676	7458	13601	7134
0:42:45	30.1	13629	5737	9426	5572	9643	5201	15325	7441	11595	7442	13588	7153
0:42:50	30.1	13703	5743	9370	5588	9595	5178	15163	7421	11584	7401	13564	7100
0:42:55	30.1	13596	5772	9403	5578	9566	5178	15378	7384	11715	7419	13537	7111
0:43:00	30.1	13669	5782	9459	5592	9548	5153	15266	7361	11666	7446	13541	7080
0:43:05	30.1	13544	5722	9383	5625	9571	5211	15242	7343	11670	7423	13515	7101
0:43:10	30.1	13629	5777	9317	5625	9545	5218	15304	7399	11649	7411	13592	7170
0:43:15	30.1	13684	5725	9400	5626	9568	5210	15147	7362	11576	7436	13549	7090
0:43:20	30.1	13642	5722	9455	5574	9519	5216	15288	7424	11536	7462	13562	7131
0:43:25	30.1	13685	5802	9414	5612	9512	5191	15271	7383	11677	7422	13592	7122
0:43:30	30.1	13628	5791	9381	5601	9616	5193	15243	7473	11606	7480	13464	7159
0:43:35	30.1	13773	5736	9343	5601	9578	5194	15169	7387	11726	7438	13578	7097
0:43:40	30.1	13674	5746	9326	5572	9532	5224	15331	7396	11619	7427	13572	7114
0:43:45	30.1	13652	5770	9414	5571	9600	5189	15219	7484	11618	7428	13627	7162
0:43:50	30.1	13669	5745	9424	5561	9601	5199	15162	7403	11626	7402	13589	7062
0:43:55	30.1	13740	5710	9457	5597	9640	5161	15267	7388	11698	7487	13565	7129
0:44:00	30.1	13575	5788	9345	5577	9505	5199	15219	7441	11613	7398	13475	7138
0:44:05	30.1	13669	5796	9433	5599	9635	5216	15363	7405	11628	7381	13596	7193
0:44:10	30.1	13619	5798	9363	5574	9520	5199	15240	7439	11598	7459	13621	7134
0:44:15	30.1	13603	5784	9370	5604	9568	5224	15187	7381	11634	7470	13427	7127
0:44:20	30.2	13668	5867	9379	5573	9555	5229	15296	7444	11632	7491	13562	7168
0:44:25	30.2	13644	5819	9463	5638	9563	5196	15244	7453	11641	7467	13558	7152
0:44:30	30.1	13609	5786	9447	5621	9560	5231	15261	7445	11699	7486	13539	7105
0:44:35	30.1	13640	5786	9512	5647	9637	5229	15274	7447	11659	7420	13553	7182
0:44:40	30.1	13720	5794	9383	5641	9588	5218	15369	7472	11686	7497	13492	7168
0:44:45	30.1	13805	5803	9409	5619	9584	5209	15271	7399	11678	7511	13595	7242
0:44:50	30.1	13702	5749	9445	5656	9526	5244	15234	7514	11713	7467	13546	7164
0:44:55	30.1	13787	5758	9418	5637	9607	5217	15201	7411	11728	7469	13577	7180
0:45:00	30.1	13670	5808	9480	5635	9691	5239	15257	7480	11681	7528	13671	7205
0:45:05	30.1	13803	5778	9337	5610	9614	5212	15267	7428	11661	7418	13597	7198
0:45:10	30.1	13660	5851	9381	5629	9693	5275	15273	7435	11674	7452	13524	7164
0:45:15	30.1	13661	5800	9422	5644	9619	5240	15308	7501	11756	7463	13579	7142
0:45:20	30.1	13564	5735	9372	5616	9571	5246	15144	7442	11723	7504	13546	7115
0:45:25	30.1	13680	5750	9400	5638	9525	5193	15171	7464	11694	7530	13549	7199
0:45:30	30.1	13650	5766	9441	5651	9605	5231	15216	7434	11730	7481	13555	7146
0:45:35	30.1	13698	5819	9447	5655	9592	5225	15310	7393	11723	7515	13552	7174
0:45:40	30.1	13595	5826	9460	5612	9531	5255	15265	7457	11693	7514	13527	7178
0:45:45	30.1	13705	5766	9388	5617	9613	5234	15236	7420	11576	7429	13584	7153
0:45:50	30.1	13642	5809	9408	5653	9608	5223	15306	7426	11677	7527	13502	7206
0:45:55	30.1	13627	5797	9441	5636	9633	5218	15322	7479	11653	7461	13579	7164
0:46:00	30.1	13608	5858	9421	5641	9620	5216	15179	7389	11653	7464	13511	7189
0:46:05	30.1	13736	5827	9492	5590	9599	5281	15223	7431	11631	7463	13578	7168
0:46:10	30.1	13646	5789	9405	5631	9570	5230	15131	7512	11638	7552	13478	7211
0:46:15	30.1	13687	5827	9444	5691	9658	5220	15145	7466	11655	7503	13525	7120
0:46:20	30.1	13672	5859	9493	5641	9693	5262	15156	7490	11766	7517	13469	7171
0:46:25	30.1	13710	5777	9427	5632	9596	5230	15302	7402	11749	7528	13473	7191
0:46:30	30.1	13713	5804	9411	5692	9619	5213	15221	7420	11631	7564	13626	7155
0:46:35	30.1	13739	5788	9442	5615	9574	5262	15231	7423	11651	7482	13536	7165
0:46:40	30.1	13780	5800	9428	5628	9656	5235	15296	7481	11682	7495	13593	7179
0:46:45	30.1	13669	5801	9457	5694	9561	5210	15293	7480	11707	7536	13591	7184
0:46:50	30.1	13604	5827	9423	5684	9551	5268	15274	7536	11889	7472	13544	7201
0:46:55	30.1	13575	5842	9486	5707	9543	5258	15231	7461	11707	7459	13513	7208
0:47:00	30.1	13647	5772	9447	5619	9580	5230	15246	7440	11644	7484	13512	7140
0:47:05	30.1	13701	5860	9544	5676	9535	5235	15159	7419	11817	7508	13485	7153
0:47:10	30.1	13665	5842	9544	5703	9558	5247	15350	7451	11719	7508	13435	7200
0:47:15	30.1	13764	5755	9405	5677	9609	5232	15206	7486	11732	7482	13467	7212
0:47:20	30.1	13650	5867	9486	5620	9621	5264	15274	7442	11765	7468	13482	7174
0:47:25	30.1	13786	5818	9473	5700	9569	5209	15265	7490	11770	7455	13495	7155
0:47:30	30.1	13690	5844	9442	5706	9667	5245	15216	7425	11698	7524	13541	7223
0:47:35	30.1	13697	5830	9425	5628	9608	5240	15275	7453	11647	7571	13565	7188
0:47:40	30.1	13604	5848	9519	5727	9527	5253	15181	7482	11812	7530	13524	7196
0:47:45	30.1	13739	5806	9511	5654	9636	5215	15194	7453	11686	7491	13641	7156
0:47:50	30.1	13572	5820	9448	5631	9609	5262	15289	7472	11707	7459	13591	7223
0:47:55	30.1	13639	5803	9563	5682	9604	5253	15144	7439	11676	7560	13479	7235
0:48:00	30.1	13641	5827	9526	5656	9593	5317	15286	7436	11733	7585	13500	7223
0:48:05	30.1	13703	5844	9540	5696	9525	5222	15169	7534	11737	7524	13605	7219
0:48:10	30.1	13718	5857	9465	5661	9574	5221	15186	7518	11783	7512	13644	7235
0:48:15	30.1	13667	5812	9504	5684	9555	5251	15315	7523	11758	7593	13457	7236
0:48:20	30.1	13715	5906	9507	5628	9574	5241	15233	7545	11801	7528	13521	7242
0:48:25	30.1	13701	5817	9572	5698	9542	5241	15183	7465	11723	7544	13494	7291
0:48:30	30.1	13706	5855	9537	5700	9628	5327	15303	7448	11784	7520	13567	7166
0:48:35	30.1	13755	5803	9542	5675	9638	5233	15161	7439	11769	7506	13451	7226
0:48:40	30.1	13680	5832	9518	5659	9602	5261	15227	7466	11657	7543	13503	7264
0:48:45	30.1	13635	5843	9617	5692	9606	5221	15229	7440	11764	7508	13617	7210
0:48:50	30.1	13728	5847	9521	5687	9626	5280	15277	7522	11685	7548	13505	7213
0:48:55	30.1	13744	5876	9589	5699	9547	5304	15312	7516	11647	7564	13585	7245
0:49:00	30.1	13674	5882	9510	5683	9620	5255	15134	7430	11756	7582	13552	7192
0:49:05	30.1	13582	5848	9481	5752	9541	5289	15153	7464	11775	7583	13549	7202
0:49:10	30.1	13619	5895	9552	5709	9557	5298	15211	7514	11811	7535	13506	7235
0:49:15	30.1	13612	5847	9503	5717	9588	5234	15198	7494	11717	7570	13495	7190
0:49:20	30.1	13707	5889	9535	5693	9625	5261	15219	7439	11807	7521	13665	7210
0:49:25	30.1	13749	5864	9524	5705	9577	5258	15229	7542	11794	7511	13609	7269
0:49:30	30.1	13630	5897	9500	5706	9560	5256	15234	7488	11758	7523	13579	7278
0:49:35	30.1	13638	5854	9523	5703	9597	5247	15291	7510	11760	7553	13473	7234
0:49:40	30.1	13840	5893	9512	5733	9586	5244	15277	7484	11833	7551	13487	7183
0:49:45	30.1	13711	5857	9654	5692	9574	5273	15300	7526	11827	7556	13589	7261
0:49:50	30.1	13696	5872	9543	5682	9573	5267	15362	7503	11778	7604	13576	7232
0:49:55	30.1	13692	5909	9565	5706	9673	5250	15198	7494	11795	7547	13629	7297
0:50:00	30.1	13661	5866	9605	5714	9614	5269	15372	7512	11808	7567	13586	7254
0:50:05	30.1	13637	5840	9544	5725	9587	5269	15225	7479	11846	7572	13595	7248
0:50:10	30.1	13657	5849	9487	5731	9511	5271	15290	7575	11710	7619	13542	7238
0:50:15	30.1	13721	5859	9549	5725	9624	5254	15182	7487	11748	7571	13460	7199
0:50:20	30.1	13628	5910	9603	5752	9555	5275	15200	7503	11756	7550	13585	7230
0:50:25	30.1	13636	5827	9464	5734	9551	5291	15384	7506	11759	7530	13490	7211
0:50:30	30.1	13654	5901	9530	5766	9549	5269	15239	7522	11768	7606	13534	7232
0:50:35	30.1	13662	5853	9527	5726	9597	5276	15359	7515	11793	7553	13586	7229
0:50:40	30.1	13704	5932	9558	5743	9536	5264	15236	7551	11809	7556	13585	7219
0:50:45	30.1	13650	5848	9519	5675	9631	5259	15280	7544	11821	7611	13555	7322
0:50:50	30.1	13692	5856	9657	5754	9639	5262	15337	7546	11773	7608	13504	7287
0:50:55	30.1	13699	5920	9549	5768	9619	5299	15397	7526	11768	7549	13606	7242
0:51:00	30.1	13739	5926	9604	5827	9581	5242	15151	7549	11938	7648	13551	7272
0:51:05	30.1	13747	5863	9547	5718	9547	5255	15194	7456	11959	7608	13624	7281
0:51:10	30.1	13692	5851	9627	5733	9608	5264	15186	7533	11824	7625	13641	7242
0:51:15	30.1	13663	5878	9488	5707	9587	5280	15363	7553	11863	7581	13537	7198
0:51:20	30.1	13705	5850	9549	5747	9621	5317	15337	7516	11827	7589	13542	7271
0:51:25	30.1	13750	5913	9532	5709	9584	5261	15332	7538	11878	7655	13540	7279
0:51:30	30.1	13733	5924	9611	5737	9629	5310	15276	7536	11839	7611	13670	7258
0:51:35	30.1	13795	5855	9597	5703	9592	5220	15215	7629	11886	7654	13545	7265
0:51:40	30.1	13660	5874	9624	5737	9574	5243	15237	7564	11835	7600	13476	7232
0:51:45	30.1	13743	5896	9601	5728	9579	5278	15117	7582	11920	7580	13537	7272
0:51:50	30.1	13729	5905	9538	5779	9599	5232	15287	7541	11860	7621	13532	7288
0:51:55	30.1	13759	5873	9557	5751	9662	5269	15276	7581	11895	7606	13599	7328
0:52:00	30.1	13612	5913	9554	5776	9627	5301	15340	7524	11822	7615	13540	7268
0:52:05	30.1	13798	5926	9564	5792	9585	5286	15329	7560	11935	7647	13528	7299
0:52:10	30.1	13719	5947	9557	5767	9595	5300	15330	7619	11833	7612	13551	7222
0:52:15	30.1	13679	5921	9630	5777	9551	5311	15205	7615	11853	7625	13534	7311
0:52:20	30.1	13644	5892	9561	5748	9562	5294	15273	7540	11798	7633	13532	7269
0:52:25	30.1	13770	5896	9542	5760	9588	5279	15158	7540	11845	7698	13478	7297
0:52:30	30.1	13756	5923	9607	5705	9560	5262	15205	7535	11858	7651	13530	7306
0:52:35	30.1	13733	5952	9642	5799	9541	5294	15189	7570	11913	7627	13544	7304
0:52:40	30.1	13708	5910	9675	5801	9564	5261	15251	7588	11904	7600	13542	7287
0:52:45	30.1	13727	5912	9576	5750	9520	5283	15142	7622	11838	7656	13489	7326
0:52:50	30.1	13739	5915	9603	5752	9665	5326	15259	7527	11814	7657	13718	7288
0:52:55	30.1	13789	5896	9634	5775	9641	5275	15195	7602	11933	7700	13529	7252
0:53:00	30.1	13755	5903	9579	5800	9586	5312	15260	7521	11817	7664	13555	7302
0:53:05	30.1	13783	5896	9602	5776	9623	5305	15176	7489	11856	7559	13554	7302
0:53:10	30.1	13715	5879	9601	5734	9599	5346	15194	7586	11923	7672	13456	7223
0:53:15	30.1	13803	5968	9600	5725	9574	5288	15344	7574	11939	7638	13494	7296
0:53:20	30.1	13686	5925	9634	5791	9561	5262	15345	7583	11911	7663	13633	7282
0:53:25	30.1	13642	5924	9648	5739	9633	5283	15246	7646	11749	7628	13619	7304
0:53:30	30.1	13691	5918	9586	5755	9582	5326	15225	7591	11929	7659	13536	7339
0:53:35	30.1	13871	5982	9598	5776	9518	5301	15297	7672	11860	7623	13511	7277
0:53:40	30.1	13747	5920	9688	5816	9563	5300	15270	7596	11860	7647	13582	7310
0:53:45	30.1	13634	5944	9668	5837	9619	5277	15354	7581	11877	7692	13569	7274
0:53:50	30.1	13655	5926	9733	5795	9499	5293	15329	7591	11843	7647	13580	7314
0:53:55	30.1	13782	5950	9593	5804	9619	5242	15192	7608	11815	7650	13642	7306
0:54:00	30.1	13763	5913	9695	5766	9561	5300	15332	7569	11905	7624	13442	7257
0:54:05	30.1	13685	5917	9616	5758	9523	5288	15364	7630	11924	7648	13618	7278
0:54:10	30.1	13746	5976	9671	5752	9624	5303	15190	7591	11887	7638	13555	7332
0:54:15	30.1	13770	5987	9637	5781	9581	5327	15247	7556	11970	7652	13563	7265
0:54:20	30.1	13697	5932	9686	5770	9571	5288	15187	7586	11927	7713	13707	7275
0:54:25	30.1	13715	5949	9663	5797	9544	5297	15350	7608	12029	7738	13531	7313
0:54:30	30.1	13601	5949	9759	5754	9635	5343	15412	7631	11861	7667	13623	7311
0:54:35	30.1	13668	5921	9638	5777	9561	5335	15268	7634	11840	7692	13525	7294
0:54:40	30.1	13781	5963	9631	5795	9556	5304	15332	7586	12011	7677	13564	7346
0:54:45	30.1	13836	5965	9650	5806	9578	5336	15346	7613	11887	7634	13596	7320
0:54:50	30.1	13781	5956	9718	5826	9533	5333	15172	7633	12014	7715	13553	7303
0:54:55	30.1	13704	5941	9586	5803	9583	5291	15227	7592	11919	7664	13585	7394
0:55:00	30.1	13687	5985	9653	5731	9641	5341	15284	7612	11909	7704	13543	7273
0:55:05	30.1	13700	5954	9724	5860	9656	5320	15301	7666	11943	7675	13522	7351
0:55:10	30.1	13730	5919	9722	5855	9652	5295	15235	7626	11867	7697	13498	7354
0:55:15	30.1	13763	5946	9696	5807	9615	5297	15206	7553	11906	7648	13570	7296
0:55:20	30.1	13714	6006	9552	5818	9596	5340	15259	7560	12003	7713	13555	7321
0:55:25	30.1	13826	5970	9689	5815	9551	5314	15173	7666	11946	7629	13552	7311
0:55:30	30.1	13714	5960	9710	5760	9539	5291	15194	7670	11927	7658	13592	7253
0:55:35	30.1	13725	5986	9703	5820	9652	5331	15337	7588	11960	7670	13507	7274
0:55:40	30.1	13737	5912	9696	5798	9558	5361	15352	7650	11903	7724	13598	7279
0:55:45	30.1	13801	6013	9612	5829	9637	5340	15211	7647	11944	7666	13356	7319
0:55:50	30.1	13711	6001	9687	5819	9560	5271	15377	7637	11900	7708	13530	7308
0:55:55	30.1	13801	5956	9675	5828	9588	5319	15304	7625	11997	7687	13581	7266
0:56:00	30.1	13811	5956	9650	5788	9539	5288	15181	7605	12001	7697	13550	7319
0:56:05	30.1	13731	5966	9656	5796	9567	5322	15212	7627	11961	7703	13548	7267
0:56:10	30.1	13667	5975	9671	5837	9544	5338	15132	7561	11963	7697	13547	7378
0:56:15	30.1	13698	5989	9777	5850	9610	5319	15242	7596	11942	7719	13594	7336
0:56:20	30.1	13775	6003	9674	5810	9617	5389	15280	7662	11946	7686	13584	7306
0:56:25	30.1	13708	5965	9728	5865	9572	5327	15341	7640	11969	7750	13615	7339
0:56:30	30.1	13829	5968	9746	5838	9676	5304	15309	7674	11981	7801	13531	7325
0:56:35	30.1	13757	5979	9689	5839	9640	5324	15278	7651	11896	7713	13479	7389
0:56:40	30.1	13822	5991	9711	5823	9593	5312	15207	7676	11947	7720	13638	7363
0:56:45	30.1	13830	5991	9762	5825	9507	5338	15357	7611	11928	7695	13572	7422
0:56:50	30.1	13757	5971	9741	5888	9600	5302	15259	7626	11956	7740	13653	7328
0:56:55	30.1	13759	5995	9707	5799	9660	5282	15189	7633	11879	7758	13605	7337
0:57:00	30.1	13753	5978	9695	5815	9570	5307	15424	7607	11997	7763	13582	7348
0:57:05	30.1	13826	5973	9748	5869	9690	5316	15281	7663	12007	7673	13524	7358
0:57:10	30.1	13767	6052	9764	5853	9686	5360	15291	7690	11959	7750	13604	7349
0:57:15	30.1	13761	5985	9737	5840	9606	5322	15283	7613	12035	7756	13569	7304
0:57:20	30.1	13744	6034	9728	5869	9535	5325	15265	7647	11994	7721	13501	7344
0:57:25	30.1	13826	6080	9684	5876	9619	5329	15281	7645	11927	7741	13614	7307
0:57:30	30.1	13711	6014	9850	5849	9619	5335	15322	7790	12049	7724	13697	7299
0:57:35	30.1	13761	6010	9707	5871	9665	5327	15299	7617	11991	7734	13608	7322
0:57:40	30.1	13813	5983	9737	5860	9564	5381	15270	7634	11996	7768	13595	7328
0:57:45	30.1	13705	6036	9815	5871	9634	5349	15435	7681	12004	7690	13472	7355
0:57:50	30.1	13705	5992	9740	5881	9664	5352	15225	7669	12034	7787	13607	7332
0:57:55	30.1	13781	6032	9718	5871	9662	5342	15146	7624	12029	7770	13614	7343
0:58:00	30.1	13826	6045	9781	5850	9571	5372	15405	7670	12020	7717	13609	7368
0:58:05	30.1	13766	6017	9749	5900	9604	5299	15279	7667	12043	7731	13601	7349
0:58:10	30.1	13822	6037	9731	5849	9532	5326	15340	7760	11927	7693	13670	7376
0:58:15	30.1	13770	5980	9787	5845	9603	5375	15359	7677	12031	7688	13524	7357
0:58:20	30.1	13745	6042	9699	5891	9679	5354	15344	7674	12111	7678	13583	7355
0:58:25	30.1	13894	6045	9768	5904	9491	5349	15407	7664	11969	7765	13487	7337
0:58:30	30.1	13792	6042	9816	5857	9669	5328	15313	7655	12143	7763	13612	7347
0:58:35	30.1	13789	6059	9733	5876	9604	5314	15379	7681	11977	7777	13599	7403
0:58:40	30.1	13887	5960	9846	5855	9594	5351	15262	7663	12035	7749	13532	7366
0:58:45	30.1	13812	6049	9730	5895	9554	5383	15363	7737	12011	7833	13511	7419
0:58:50	30.1	13762	6001	9762	5865	9667	5342	15212	7666	11976	7804	13701	7383
0:58:55	30.1	13719	6053	9799	5901	9578	5355	15288	7735	11988	7767	13547	7392
0:59:00	30.1	13842	6024	9813	5909	9615	5406	15331	7678	12097	7756	13569	7338
0:59:05	30.1	13765	6046	9797	5881	9571	5359	15347	7691	12097	7799	13617	7381
0:59:10	30.1	13757	6013	9699	5898	9651	5369	15364	7727	12049	7789	13476	7392
0:59:15	30.1	13717	6017	9793	5880	9616	5359	15347	7716	11972	7709	13571	7411
0:59:20	30.1	13819	6096	9807	5898	9608	5378	15327	7753	12047	7800	13514	7443
0:59:25	30.1	13818	6023	9782	5883	9575	5351	15328	7698	12003	7800	13668	7400
0:59:30	30.1	13772	6041	9789	5876	9622	5359	15268	7691	11951	7734	13623	7377
0:59:35	30.1	13852	6023	9680	5911	9563	5330	15299	7673	12030	7768	13534	7402
0:59:40	30.1	13762	6032	9766	5909	9599	5319	15230	7806	12011	7756	13693	7448
0:59:45	30.1	13822	6044	9848	5910	9582	5361	15235	7760	12013	7852	13525	7429
0:59:50	30.1	13694	6038	9749	5895	9668	5370	15242	7740	11974	7750	13525	7437
0:59:55	30.1	13780	6060	9812	5936	9609	5328	15281	7697	12002	7757	13697	7339
1:00:00	30.1	13788	6118	9767	5925	9688	5336	15215	7662	12165	7768	13578	7404

Results
	1	2	3	4	5	6	7	8	9	10	11	12
A													Max V [425,457]
													R-Squared [425,457]
													t at Max V [425,457]
													Lagtime [425,457]
B													Max V [425,457]
													R-Squared [425,457]
													t at Max V [425,457]
													Lagtime [425,457]
C													Max V [425,457]
													R-Squared [425,457]
													t at Max V [425,457]
													Lagtime [425,457]
D													Max V [425,457]
													R-Squared [425,457]
													t at Max V [425,457]
													Lagtime [425,457]
E	-4032000.000	1428000.000	-2376000.000	1548000.000	2544000.000	1176000.000	3648000.000	-2076000.000	2892000.000	1764000.000	3300000.000	-1512000.000	Max V [425,457]
	1.000	1.000	1.000	1.000	1.000	1.000	1.000	1.000	1.000	1.000	1.000	1.000	R-Squared [425,457]
	0:17:43	0:20:33	0:13:18	0:55:03	0:03:28	0:36:18	0:05:43	0:57:33	0:03:28	0:05:48	0:27:38	0:36:53	t at Max V [425,457]
	0:19:51	0:20:18	0:14:57	0:54:36	0:02:04	0:36:01	0:03:39	0:57:56	0:02:11	0:05:46	0:25:42	0:37:03	Lagtime [425,457]
F													Max V [425,457]
													R-Squared [425,457]
													t at Max V [425,457]
													Lagtime [425,457]
G													Max V [425,457]
													R-Squared [425,457]
													t at Max V [425,457]
													Lagtime [425,457]
H													Max V [425,457]
													R-Squared [425,457]
													t at Max V [425,457]
													Lagtime [425,457]

