

Software Version	3.03.14



Experiment File Path:	C:\Users\Public\Documents\Experiments\CJM\20210117_GAP_assay.xpt
Protocol File Path:	C:\Users\Public\Documents\Protocols\CJM\GAP_Assay.prt



Plate Number	Plate 1
Date	1/18/2021
Time	12:06:14 AM
Reader Type:	Synergy H1
Reader Serial Number:	1803011C
Reading Type	Reader

Procedure Details

Plate Type	Costar 96 well half area
Set Temperature	Setpoint 30°C
Start Kinetic	Runtime 1:00:00 (HH:MM:SS), Interval 0:00:05, 721 Reads
    Read	Fluorescence Endpoint
	C1..C12
	Filter Set 1
	    Excitation: 425,  Emission: 457
	    Optics: Bottom,  Gain: 57
	Light Source: Xenon Flash,  Lamp Energy: High
	Read Speed: Normal,  Delay: 0 msec,  Measurements/Data Point: 5
	Read Height: 7 mm
End Kinetic	

Layout
	1	2	3	4	5	6	7	8	9	10	11	12
A													Well ID
B													Well ID
C	SPL1	SPL2	SPL3	SPL4	SPL5	SPL6	SPL7	SPL8	SPL9	SPL10	SPL11	SPL12	Well ID
D													Well ID
E													Well ID
F													Well ID
G													Well ID
H													Well ID

425,457

Time	T° 425,457	C1	C2	C3	C4	C5	C6	C7	C8	C9	C10	C11	C12
0:00:00	30.0	5903	5162	5688	4967	5684	4895	6050	5135	5674	4740	5621	4751
0:00:05	30.0	6043	5149	5959	4943	5901	4887	6299	5070	5916	4739	5821	4691
0:00:10	30.0	6303	5154	6153	4966	6225	4939	6492	5103	6156	4740	6067	4704
0:00:15	30.0	6423	5162	6336	4979	6356	4997	6759	5155	6370	4735	6276	4732
0:00:20	30.0	6626	5237	6541	5022	6624	4931	6972	5186	6556	4730	6536	4748
0:00:25	30.0	6859	5211	6733	5017	6830	4962	7227	5168	6851	4719	6825	4727
0:00:30	30.0	7136	5229	6907	5024	7047	5007	7448	5163	7024	4787	7007	4710
0:00:35	30.0	7281	5234	7185	5066	7394	5006	7735	5113	7347	4802	7276	4739
0:00:40	30.0	7610	5238	7397	5094	7626	4978	7893	5196	7631	4804	7583	4742
0:00:45	30.0	7781	5200	7629	5092	7887	5019	8135	5155	7751	4769	7772	4816
0:00:50	30.0	7952	5229	7778	5123	8052	4980	8399	5226	7998	4753	7970	4727
0:00:55	30.0	8241	5203	7945	5115	8280	5058	8628	5132	8193	4804	8259	4722
0:01:00	30.0	8520	5200	8222	5187	8560	5009	8941	5154	8488	4803	8431	4722
0:01:05	30.0	8608	5226	8492	5101	8925	5008	9137	5193	8678	4810	8651	4816
0:01:10	30.0	8933	5275	8723	5174	9134	5045	9274	5178	8913	4823	8911	4789
0:01:15	30.0	9111	5276	8859	5113	9269	5073	9513	5179	9202	4825	9120	4813
0:01:20	30.0	9283	5273	9103	5152	9484	5054	9767	5164	9384	4810	9359	4749
0:01:25	30.0	9562	5304	9351	5142	9858	5017	10007	5183	9641	4850	9578	4764
0:01:30	30.0	9768	5300	9539	5126	10057	5017	10285	5225	9857	4794	9852	4774
0:01:35	30.0	10023	5343	9851	5149	10274	5056	10465	5175	9995	4826	10142	4744
0:01:40	30.0	10290	5331	10029	5121	10526	5010	10627	5181	10231	4856	10284	4803
0:01:45	30.0	10443	5341	10378	5102	10725	5035	10829	5174	10470	4811	10482	4850
0:01:50	30.0	10702	5331	10586	5137	10887	5117	11226	5224	10721	4790	10679	4779
0:01:55	30.0	10968	5410	10694	5164	11173	5089	11221	5245	10954	4813	11008	4801
0:02:00	30.0	11164	5344	10955	5136	11449	5068	11481	5258	11216	4808	11180	4803
0:02:05	30.0	11401	5347	11165	5154	11537	5060	11737	5236	11328	4837	11331	4785
0:02:10	30.0	11673	5330	11419	5169	11775	5117	11901	5199	11536	4826	11585	4840
0:02:15	30.0	11792	5348	11574	5195	11978	5130	12101	5193	11768	4791	11721	4797
0:02:20	30.0	12020	5332	11799	5175	12142	5124	12287	5287	12019	4825	11933	4863
0:02:25	30.0	12330	5385	11991	5197	12369	5072	12509	5225	12166	4816	12018	4814
0:02:30	30.0	12387	5358	12147	5141	12630	5140	12698	5260	12382	4847	12288	4840
0:02:35	30.0	12691	5377	12418	5160	12661	5077	12943	5248	12486	4893	12462	4821
0:02:40	30.0	12873	5390	12601	5159	12831	5120	12995	5265	12772	4805	12704	4855
0:02:45	30.0	12991	5362	12772	5170	13096	5153	13238	5239	12963	4814	12860	4841
0:02:50	30.0	13296	5330	13021	5190	13138	5134	13396	5239	13191	4840	13041	4836
0:02:55	30.0	13340	5323	13282	5170	13322	5106	13541	5244	13343	4811	13186	4835
0:03:00	30.0	13578	5344	13376	5186	13559	5097	13756	5259	13486	4836	13355	4843
0:03:05	30.0	13864	5398	13520	5189	13579	5153	13805	5265	13573	4869	13320	4881
0:03:10	30.0	13916	5397	13779	5174	13748	5119	13935	5283	13712	4833	13537	4902
0:03:15	30.0	14229	5336	13776	5183	13946	5128	14201	5279	13866	4842	13660	4860
0:03:20	30.0	14211	5373	14004	5160	14044	5108	14127	5349	14028	4818	13944	4881
0:03:25	30.0	14437	5377	14206	5126	14101	5171	14277	5291	14298	4850	13908	4901
0:03:30	30.0	14746	5363	14533	5218	14170	5172	14491	5251	14307	4861	14083	4872
0:03:35	30.0	14693	5394	14497	5193	14273	5115	14420	5262	14321	4856	14054	4894
0:03:40	30.0	14917	5322	14693	5190	14325	5169	14481	5282	14556	4817	14241	4908
0:03:45	30.0	15189	5408	14869	5193	14431	5140	14574	5270	14647	4882	14285	4937
0:03:50	30.0	15205	5357	14972	5231	14737	5115	14632	5332	14642	4892	14326	4921
0:03:55	30.0	15410	5360	15121	5158	14727	5100	14686	5305	14841	4888	14442	4911
0:04:00	30.0	15468	5333	15314	5165	14771	5116	14685	5274	14912	4865	14447	4894
0:04:05	30.0	15525	5369	15451	5172	14802	5131	14844	5263	15025	4838	14605	4877
0:04:10	30.0	15795	5384	15526	5143	14940	5112	14885	5297	14965	4851	14605	4903
0:04:15	30.0	15840	5325	15574	5155	14930	5158	14911	5295	15109	4863	14620	4919
0:04:20	30.0	15972	5342	15884	5159	14974	5157	14881	5309	15058	4868	14695	4880
0:04:25	30.0	16012	5379	15740	5182	15059	5158	14817	5293	15097	4913	14710	4877
0:04:30	30.0	16207	5322	15881	5221	15066	5174	15038	5304	15206	4891	14715	4866
0:04:35	30.0	16080	5396	16005	5196	15062	5182	14932	5304	15115	4890	14854	4899
0:04:40	30.0	16437	5369	16106	5205	15122	5131	14864	5269	15260	4939	14858	4902
0:04:45	30.0	16162	5348	16117	5216	15095	5186	15085	5281	15308	4939	14861	4915
0:04:50	30.0	16234	5322	16222	5200	15254	5206	14972	5242	15378	4930	14826	4875
0:04:55	30.0	16382	5398	16385	5150	15251	5144	14976	5275	15242	4921	14902	4879
0:05:00	30.0	16384	5334	16173	5224	15194	5132	14923	5343	15393	4927	14872	4908
0:05:05	30.0	16483	5344	16438	5224	15069	5154	14995	5331	15486	4927	14952	4878
0:05:10	30.0	16516	5370	16277	5190	15178	5156	14978	5352	15380	4939	14875	4920
0:05:15	30.0	16387	5459	16457	5178	15288	5197	14957	5327	15323	4939	14890	4910
0:05:20	30.0	16422	5381	16334	5201	15241	5144	15004	5281	15316	4962	14808	4940
0:05:25	30.0	16360	5379	16441	5188	15197	5222	15079	5305	15312	4929	14929	4924
0:05:30	30.0	16625	5391	16416	5210	15262	5145	14927	5345	15299	4954	14954	4878
0:05:35	30.0	16372	5397	16337	5213	15168	5168	14886	5365	15346	4928	15099	4926
0:05:40	30.0	16373	5360	16432	5205	15295	5184	15081	5375	15389	4924	14894	4933
0:05:45	30.0	16422	5399	16317	5247	15386	5200	14942	5318	15312	4926	14895	4895
0:05:50	30.0	16494	5384	16368	5189	15362	5163	14976	5349	15400	4988	14926	4910
0:05:55	30.0	16331	5427	16565	5179	15338	5208	14916	5281	15482	4926	14911	4897
0:06:00	30.0	16582	5399	16342	5180	15292	5161	14921	5314	15312	4984	14911	4931
0:06:05	30.0	16416	5390	16319	5190	15299	5135	14965	5323	15317	4953	15062	4899
0:06:10	30.0	16379	5386	16444	5238	15238	5138	14987	5325	15362	4948	14944	4940
0:06:15	30.0	16539	5458	16346	5195	15315	5150	14975	5346	15228	4953	14924	4919
0:06:20	30.0	16573	5373	16365	5196	15182	5196	15017	5342	15275	4964	14954	4874
0:06:25	30.0	16404	5424	16450	5260	15128	5154	14980	5348	15390	4923	14925	4903
0:06:30	30.0	16421	5401	16424	5201	15384	5190	14941	5348	15321	4970	14847	4906
0:06:35	30.0	16531	5399	16467	5208	15233	5150	14957	5377	15457	4924	15050	4921
0:06:40	30.0	16418	5376	16371	5203	15254	5182	14916	5342	15253	4965	14915	4893
0:06:45	30.0	16379	5413	16404	5206	15379	5166	14948	5295	15275	4944	14861	4905
0:06:50	30.0	16549	5391	16366	5241	15232	5149	14926	5344	15345	5004	14971	4904
0:06:55	30.0	16551	5416	16373	5165	15380	5178	15058	5319	15258	4935	15006	4939
0:07:00	30.0	16414	5385	16421	5239	15168	5179	14888	5331	15314	4973	14829	4896
0:07:05	30.0	16464	5436	16318	5178	15295	5138	14920	5343	15274	4967	14917	4911
0:07:10	30.0	16521	5393	16434	5227	15205	5118	14990	5366	15230	5001	14867	4888
0:07:15	30.0	16467	5417	16331	5216	15214	5187	14907	5314	15206	4970	14856	4897
0:07:20	30.0	16395	5380	16297	5210	15251	5185	14909	5335	15452	4951	14895	4886
0:07:25	30.0	16578	5420	16417	5202	15213	5188	15101	5353	15503	4959	14856	4954
0:07:30	30.0	16623	5422	16445	5198	15221	5207	14844	5343	15283	4954	14838	4922
0:07:35	30.0	16384	5446	16460	5219	15220	5152	15043	5297	15293	4928	14943	4901
0:07:40	30.0	16408	5347	16498	5170	15188	5169	14939	5349	15236	5000	14997	4920
0:07:45	30.0	16545	5429	16445	5163	15236	5169	14960	5418	15335	5004	14947	4916
0:07:50	30.0	16569	5433	16388	5250	15301	5142	14858	5314	15252	4952	14995	4906
0:07:55	30.0	16494	5418	16463	5244	15230	5158	14761	5359	15248	5023	14924	4908
0:08:00	30.0	16530	5421	16434	5229	15249	5227	14832	5397	15276	4948	14925	4906
0:08:05	30.0	16465	5400	16319	5217	15147	5229	14889	5416	15273	4974	14861	4908
0:08:10	30.0	16353	5406	16419	5228	15212	5161	14945	5375	15273	4996	14808	4906
0:08:15	30.0	16376	5422	16423	5204	15103	5204	14912	5332	15234	4996	15026	4914
0:08:20	30.0	16345	5436	16325	5275	15259	5173	14820	5318	15199	4987	14916	4948
0:08:25	30.0	16399	5436	16299	5195	15354	5137	14987	5332	15235	4983	14887	4907
0:08:30	30.0	16444	5413	16380	5195	15187	5158	14950	5367	15247	5036	14901	4936
0:08:35	30.0	16493	5399	16379	5176	15286	5220	14854	5386	15267	4997	14829	4954
0:08:40	30.0	16409	5427	16259	5218	15073	5169	14887	5377	15219	4983	14769	4953
0:08:45	30.0	16461	5413	16257	5250	15109	5173	14947	5359	15244	4973	14805	4915
0:08:50	30.0	16391	5441	16301	5238	15194	5156	14866	5367	15210	4993	14894	4918
0:08:55	30.0	16266	5445	16339	5267	15170	5206	14820	5373	15181	4954	14998	4900
0:09:00	30.0	16272	5420	16416	5202	15254	5229	14929	5353	15246	4990	14815	4927
0:09:05	30.0	16381	5448	16188	5259	15153	5170	14907	5357	15256	4982	14820	4915
0:09:10	30.0	16406	5450	16215	5215	15290	5202	14950	5408	15244	4978	14898	4927
0:09:15	30.0	16392	5426	16253	5260	15249	5206	14891	5364	15265	5035	14881	4927
0:09:20	30.0	16334	5477	16405	5172	15135	5206	14861	5399	15264	4995	14890	4937
0:09:25	30.0	16332	5430	16220	5271	15191	5222	14955	5393	15188	5025	14806	4929
0:09:30	30.0	16280	5445	16255	5257	15070	5205	14839	5371	15197	4980	14787	4965
0:09:35	30.0	16359	5421	16286	5249	15328	5202	14920	5357	15289	5001	14888	4934
0:09:40	30.0	16434	5437	16175	5240	15235	5187	14895	5381	15175	4967	14883	4943
0:09:45	30.0	16442	5450	16315	5245	15155	5186	14881	5385	15176	5050	14754	4954
0:09:50	30.0	16418	5428	16372	5253	15175	5206	14827	5352	15117	4985	14703	4888
0:09:55	30.0	16299	5434	16286	5284	15088	5187	14821	5354	15112	5087	14847	4951
0:10:00	30.0	16263	5466	16320	5298	15200	5216	14768	5391	15407	5002	14958	4946
0:10:05	30.0	16503	5430	16263	5240	15212	5224	14908	5362	15181	5031	14861	4938
0:10:10	30.0	16187	5411	16402	5298	15211	5196	14914	5364	15211	5001	14824	4943
0:10:15	30.0	16281	5426	16323	5260	15214	5252	14757	5481	15218	5043	14895	4960
0:10:20	30.0	16295	5439	16393	5245	15135	5172	14794	5387	15182	5021	14705	4937
0:10:25	30.0	16445	5445	16226	5216	15024	5199	14776	5388	15193	5053	14719	4967
0:10:30	30.0	16207	5464	16245	5292	15134	5206	14749	5390	15172	5002	14843	4876
0:10:35	30.0	16269	5388	16288	5219	15063	5200	14931	5361	15159	5018	14880	4942
0:10:40	30.0	16247	5460	16395	5252	15176	5225	14788	5367	15297	5005	14820	4930
0:10:45	30.0	16259	5445	16272	5221	15229	5201	14794	5433	15224	5034	14874	4960
0:10:50	30.0	16348	5467	16212	5215	15174	5197	14823	5395	15219	5046	14809	5043
0:10:55	30.0	16256	5448	16159	5215	15174	5190	14770	5405	15193	5034	14749	4952
0:11:00	30.0	16308	5440	16185	5254	15155	5184	14929	5407	15111	5017	14704	4904
0:11:05	30.0	16399	5413	16256	5234	15200	5232	14772	5403	15136	5018	14700	4961
0:11:10	30.0	16200	5476	16254	5263	15122	5217	14809	5436	15063	5016	14701	4956
0:11:15	30.0	16269	5449	16209	5241	15144	5189	14807	5426	15048	5023	14877	4975
0:11:20	30.0	16384	5462	16223	5300	15179	5204	14799	5436	15113	5016	14646	4907
0:11:25	30.0	16445	5458	16236	5297	15102	5200	14723	5395	15209	4983	14678	4966
0:11:30	30.0	16256	5413	16101	5251	15134	5188	14705	5394	15072	5059	14710	4983
0:11:35	30.0	16192	5444	16156	5238	15005	5214	14903	5367	15284	5025	14814	4948
0:11:40	30.0	16300	5485	16316	5273	15094	5212	14769	5383	15076	5038	14955	4965
0:11:45	30.0	16434	5447	16280	5258	15017	5216	14673	5414	15282	5018	14764	4982
0:11:50	30.0	16329	5455	16201	5282	15024	5209	14830	5376	15144	5044	14791	4922
0:11:55	30.0	16256	5464	16117	5253	15035	5238	14855	5393	15075	5003	14749	5016
0:12:00	30.0	16238	5492	16132	5285	15122	5250	14847	5421	15044	5004	14843	4981
0:12:05	30.0	16199	5435	16146	5255	15079	5201	14749	5420	15060	5015	14776	4945
0:12:10	30.0	16302	5454	16287	5268	15005	5183	14715	5459	15123	4994	14798	4994
0:12:15	30.0	16183	5501	16253	5211	15209	5193	14748	5381	15031	5023	14637	4961
0:12:20	30.0	16191	5436	16240	5319	15235	5230	14729	5433	15012	5044	14711	4962
0:12:25	30.0	16276	5460	16268	5271	15188	5204	14802	5479	15140	5050	14631	4960
0:12:30	30.0	16250	5450	16307	5240	15065	5214	14675	5445	15065	5079	14841	4964
0:12:35	30.0	16306	5467	16191	5314	15073	5217	14791	5438	15019	5053	14743	4941
0:12:40	30.0	16271	5498	16207	5300	15012	5245	14701	5407	15032	5075	14722	4959
0:12:45	30.0	16338	5431	16182	5243	15018	5197	14809	5494	15091	5014	14752	5001
0:12:50	30.0	16260	5430	16190	5274	15111	5214	14687	5424	15126	5021	14788	4972
0:12:55	30.0	16254	5474	16108	5302	15030	5221	14731	5471	15015	5091	14619	4986
0:13:00	30.0	16276	5448	16136	5274	14980	5224	14681	5432	15120	5094	14647	4963
0:13:05	30.0	16282	5411	16334	5301	15097	5180	14686	5421	15008	5060	14701	4937
0:13:10	30.0	16061	5481	16241	5255	15106	5261	14706	5377	15095	5036	14763	4918
0:13:15	30.0	16266	5456	16169	5290	15046	5207	14864	5407	15169	5059	14713	4956
0:13:20	30.0	16207	5470	15992	5367	15051	5213	14783	5450	15090	5046	14652	4943
0:13:25	30.0	16214	5513	16300	5251	15135	5261	14780	5425	15237	5087	14592	5008
0:13:30	30.0	16246	5450	16129	5289	14960	5234	14681	5411	15115	5051	14656	5036
0:13:35	30.0	16200	5477	16145	5278	14953	5238	14669	5447	15019	5046	14779	4985
0:13:40	30.0	16207	5520	16196	5287	15219	5212	14647	5466	15088	5080	14596	4965
0:13:45	30.0	16253	5491	16116	5276	14977	5227	14832	5439	15043	5082	14637	4961
0:13:50	30.0	16211	5485	16196	5285	14912	5198	14645	5435	15073	5070	14822	5007
0:13:55	30.0	16392	5503	16062	5274	14998	5263	14780	5453	15036	5042	14667	4980
0:14:00	30.0	16148	5478	16217	5366	15100	5278	14654	5407	15122	5104	14710	5023
0:14:05	30.0	16251	5512	16109	5280	14940	5220	14690	5377	14960	5015	14645	4979
0:14:10	30.0	16210	5502	16083	5331	15007	5214	14738	5457	15062	5091	14701	5039
0:14:15	30.0	16255	5453	16223	5296	15096	5247	14840	5435	15055	5054	14711	5002
0:14:20	30.0	16237	5571	16092	5287	15033	5226	14682	5433	14994	5064	14649	4962
0:14:25	30.0	16241	5496	16157	5303	15058	5230	14658	5463	15108	5064	14714	5028
0:14:30	30.0	16274	5464	16183	5284	15087	5254	14788	5449	15040	5042	14686	5021
0:14:35	30.0	16274	5463	16064	5306	14915	5253	14761	5382	15126	5069	14725	4982
0:14:40	30.0	16152	5480	16087	5341	14967	5257	14793	5433	15118	5107	14772	4950
0:14:45	30.0	16163	5492	16053	5308	14931	5180	14705	5454	15103	5042	14708	4996
0:14:50	30.0	16108	5474	16034	5334	14998	5216	14739	5454	15084	5094	14739	4990
0:14:55	30.0	16220	5494	16100	5272	15024	5258	14780	5419	15021	5073	14683	4989
0:15:00	30.0	16213	5492	16106	5266	15035	5211	14715	5462	15186	5087	14641	5045
0:15:05	30.0	16175	5467	16052	5328	15060	5254	14815	5500	15045	5065	14673	5002
0:15:10	30.0	16186	5590	16001	5301	15044	5244	14690	5411	15161	5061	14662	5055
0:15:15	30.0	16233	5519	16171	5305	14952	5232	14838	5410	15029	5045	14744	5016
0:15:20	30.0	16292	5495	15991	5288	15150	5250	14736	5457	14964	5057	14697	4990
0:15:25	30.0	16221	5517	16078	5272	14945	5252	14669	5469	15110	5077	14635	5037
0:15:30	30.0	16156	5519	15981	5339	15006	5265	14624	5431	15050	5091	14626	5026
0:15:35	30.0	16174	5483	16082	5336	14978	5223	14684	5472	15055	5071	14544	5022
0:15:40	30.0	16233	5493	16154	5271	15069	5216	14566	5474	15086	5142	14514	5018
0:15:45	30.0	16137	5536	15976	5354	14972	5256	14657	5460	15150	5077	14752	4960
0:15:50	30.0	16165	5465	16030	5333	15098	5290	14702	5468	15131	5122	14714	4970
0:15:55	30.0	16167	5501	16140	5362	14888	5276	14530	5472	14997	5144	14550	5021
0:16:00	30.0	16104	5528	16217	5298	14854	5303	14583	5491	15124	5077	14718	4984
0:16:05	30.0	16207	5480	16005	5287	14861	5221	14636	5462	14998	5059	14647	4993
0:16:10	30.0	16037	5478	16035	5316	14913	5240	14792	5428	14947	5097	14741	4999
0:16:15	30.0	16182	5528	16155	5324	14979	5257	14745	5444	15056	5071	14620	5023
0:16:20	30.0	16204	5480	15993	5308	14899	5258	14634	5466	15094	5082	14723	4999
0:16:25	30.0	16284	5540	16152	5288	14933	5310	14568	5468	14996	5128	14609	5019
0:16:30	30.0	16144	5576	16120	5293	14979	5279	14599	5454	15035	5079	14644	5013
0:16:35	30.0	16084	5505	16085	5304	14920	5244	14632	5409	14967	5110	14708	5016
0:16:40	30.0	16066	5515	16049	5365	15026	5304	14611	5447	14894	5116	14603	4968
0:16:45	30.0	16235	5512	16163	5310	14978	5257	14689	5454	15023	5081	14640	5013
0:16:50	30.0	16124	5522	16165	5377	14962	5259	14629	5496	15043	5122	14637	5022
0:16:55	30.0	16079	5527	15982	5375	14873	5341	14684	5475	15087	5102	14574	5005
0:17:00	30.0	16214	5536	16076	5368	14979	5266	14628	5457	15096	5126	14511	5053
0:17:05	30.0	16165	5474	16059	5307	14932	5288	14590	5513	15072	5130	14679	5009
0:17:10	30.0	16017	5524	16072	5295	14928	5211	14565	5478	15134	5085	14650	5021
0:17:15	30.0	16161	5549	16125	5355	14971	5279	14581	5469	14961	5111	14593	5048
0:17:20	30.0	16214	5497	16140	5369	14820	5278	14604	5444	14968	5153	14667	4982
0:17:25	30.0	16362	5500	16103	5320	14973	5289	14805	5467	15065	5107	14603	5068
0:17:30	30.0	16072	5470	15980	5342	14991	5278	14704	5468	14967	5107	14565	5021
0:17:35	30.0	16096	5565	15975	5332	14890	5281	14641	5450	14987	5145	14659	4996
0:17:40	30.0	16195	5530	15959	5307	14969	5296	14612	5476	15016	5136	14742	5012
0:17:45	30.1	16141	5532	16093	5313	14966	5272	14669	5478	15048	5108	14583	5024
0:17:50	30.0	16133	5558	16131	5378	15177	5262	14621	5483	15067	5126	14534	5049
0:17:55	30.0	16079	5521	15959	5311	14983	5249	14689	5462	14920	5120	14582	4964
0:18:00	30.0	16206	5491	16064	5356	14951	5282	14694	5493	14932	5143	14514	5026
0:18:05	30.0	16209	5567	16039	5323	14983	5289	14633	5485	14960	5134	14563	5027
0:18:10	30.0	16299	5557	16007	5335	14812	5298	14547	5476	15116	5135	14618	5008
0:18:15	30.0	16062	5541	15927	5350	14909	5267	14629	5464	14900	5076	14700	5040
0:18:20	30.0	16137	5570	15930	5331	14934	5248	14654	5444	14978	5151	14602	5024
0:18:25	30.0	16224	5531	16019	5391	14870	5281	14611	5486	15061	5110	14575	5022
0:18:30	30.0	16191	5587	16065	5336	14841	5292	14508	5521	14985	5122	14639	5037
0:18:35	30.0	16116	5572	15924	5343	14883	5311	14596	5477	14931	5129	14470	5067
0:18:40	30.0	16142	5572	15958	5380	14838	5297	14562	5431	15074	5119	14597	5036
0:18:45	30.0	16094	5575	16075	5321	14978	5289	14621	5516	15003	5171	14685	5037
0:18:50	30.0	16112	5561	15982	5376	14896	5240	14590	5500	14981	5147	14578	5057
0:18:55	30.0	16033	5537	15978	5388	14902	5278	14747	5523	14912	5130	14603	5018
0:19:00	30.0	16235	5604	16014	5343	14810	5257	14665	5546	15119	5087	14517	5023
0:19:05	30.0	16183	5589	15953	5330	14858	5284	14596	5539	15051	5127	14478	5049
0:19:10	30.0	16187	5546	16068	5336	14850	5313	14570	5543	15017	5171	14575	4983
0:19:15	30.0	16226	5547	16050	5370	14940	5352	14634	5498	14951	5128	14568	5058
0:19:20	30.0	16084	5584	15947	5373	14808	5309	14580	5497	15010	5149	14534	5070
0:19:25	30.0	16264	5558	16007	5346	14921	5291	14585	5493	14986	5149	14643	5009
0:19:30	30.0	16068	5614	15984	5351	14825	5339	14579	5492	14934	5134	14480	5022
0:19:35	30.0	16274	5522	15947	5415	14861	5291	14526	5506	14890	5144	14541	5003
0:19:40	30.0	16143	5566	16023	5399	14933	5265	14699	5534	14959	5184	14523	5045
0:19:45	30.0	16047	5641	16003	5384	14762	5257	14627	5471	15138	5119	14431	5050
0:19:50	30.0	16210	5532	16001	5395	14877	5297	14494	5533	14895	5152	14617	5065
0:19:55	30.0	16082	5562	15980	5355	14855	5280	14608	5509	14957	5110	14574	5025
0:20:00	30.0	16145	5555	15904	5354	14844	5309	14595	5567	15029	5117	14507	5028
0:20:05	30.0	16213	5625	16084	5433	14758	5253	14553	5472	15002	5190	14672	5042
0:20:10	30.0	16114	5569	16005	5360	14741	5337	14556	5549	14963	5174	14626	5098
0:20:15	30.0	16135	5560	15906	5374	14919	5312	14617	5537	15026	5128	14508	5001
0:20:20	30.0	16123	5604	16030	5408	14866	5258	14620	5535	14852	5191	14585	5029
0:20:25	30.0	16187	5638	16111	5372	14845	5306	14455	5506	14983	5146	14477	5038
0:20:30	30.0	16057	5605	15920	5376	14803	5244	14492	5543	14980	5178	14496	5101
0:20:35	30.0	16161	5597	16140	5382	14893	5288	14539	5516	14988	5210	14487	5053
0:20:40	30.0	16060	5555	15970	5395	14814	5260	14716	5509	14958	5192	14649	5071
0:20:45	30.0	16160	5574	15969	5394	14837	5289	14569	5554	14978	5149	14457	5074
0:20:50	30.0	16087	5563	16014	5371	14908	5306	14583	5516	14998	5169	14559	5030
0:20:55	30.0	16150	5601	16093	5383	14839	5299	14509	5528	15043	5161	14546	5115
0:21:00	30.0	16113	5611	15937	5380	14868	5279	14542	5515	14948	5215	14518	5045
0:21:05	30.0	16028	5585	16142	5364	14920	5280	14603	5530	14989	5204	14483	5109
0:21:10	30.0	16048	5563	16017	5447	14801	5314	14513	5507	15002	5213	14604	5064
0:21:15	30.0	16174	5559	15969	5376	14820	5312	14555	5546	14902	5210	14526	5056
0:21:20	30.0	16243	5624	16059	5433	14885	5316	14450	5549	14904	5166	14535	5056
0:21:25	30.0	16159	5571	15927	5415	14825	5288	14469	5557	14884	5158	14604	5057
0:21:30	30.0	16107	5572	16082	5386	14878	5317	14564	5502	15032	5224	14626	5083
0:21:35	30.0	16141	5585	15964	5397	14760	5296	14560	5488	14894	5212	14568	5086
0:21:40	30.0	16094	5555	16091	5407	14752	5311	14600	5564	14985	5158	14586	5108
0:21:45	30.0	16161	5618	15901	5388	14759	5311	14556	5573	15008	5224	14417	5050
0:21:50	30.0	16119	5565	15826	5376	14835	5350	14535	5586	14966	5150	14470	5129
0:21:55	30.0	16179	5551	16007	5397	14739	5281	14483	5583	15023	5134	14434	5113
0:22:00	30.0	16225	5612	15816	5410	14817	5280	14559	5508	15024	5151	14489	5140
0:22:05	30.0	16062	5555	15968	5414	14719	5309	14612	5543	14896	5187	14455	5075
0:22:10	30.0	16114	5620	15964	5435	14900	5278	14605	5553	14835	5230	14440	5044
0:22:15	30.0	16172	5558	15866	5384	14876	5304	14472	5535	14890	5170	14382	5107
0:22:20	30.0	16150	5586	16061	5367	14769	5345	14505	5556	14984	5207	14411	5059
0:22:25	30.0	16191	5567	15986	5424	14859	5326	14516	5559	14839	5216	14484	5097
0:22:30	30.0	16102	5615	16008	5446	14894	5294	14623	5527	14906	5190	14562	5040
0:22:35	30.0	16025	5576	16038	5463	14751	5364	14532	5516	15014	5193	14498	5066
0:22:40	30.0	16023	5584	15983	5407	14845	5367	14502	5532	14923	5141	14404	5100
0:22:45	30.0	16188	5650	16039	5431	14829	5326	14585	5526	14973	5183	14508	5105
0:22:50	30.0	16009	5616	15907	5383	14756	5306	14682	5602	15102	5179	14457	5077
0:22:55	30.0	16105	5566	15865	5394	14838	5310	14486	5596	15001	5202	14511	5058
0:23:00	30.0	16093	5604	15913	5368	14691	5329	14606	5523	15015	5220	14365	5109
0:23:05	30.0	16213	5681	15876	5412	14896	5362	14509	5569	15057	5171	14335	5103
0:23:10	30.0	15990	5621	15943	5410	14841	5323	14677	5603	14955	5208	14451	5052
0:23:15	30.0	15961	5601	16153	5437	14827	5314	14470	5585	14935	5245	14538	5129
0:23:20	30.0	16079	5639	15772	5400	14842	5339	14404	5529	14968	5171	14535	5066
0:23:25	30.0	16142	5617	15974	5403	14893	5379	14649	5597	15013	5184	14583	5092
0:23:30	30.0	16036	5613	15886	5433	14800	5353	14536	5565	14928	5198	14483	5082
0:23:35	30.0	16150	5626	15927	5391	14864	5297	14632	5516	14981	5256	14494	5129
0:23:40	30.0	16060	5627	15903	5395	14858	5323	14605	5566	14954	5196	14665	5112
0:23:45	30.0	16273	5591	15891	5392	14797	5376	14468	5531	14943	5179	14588	5077
0:23:50	30.0	16076	5613	15853	5432	14917	5327	14493	5546	15022	5220	14419	5090
0:23:55	30.0	16048	5626	16086	5401	14831	5401	14378	5617	14897	5164	14488	5089
0:24:00	30.0	16037	5634	15826	5380	14836	5306	14589	5555	14890	5201	14589	5065
0:24:05	30.0	16047	5614	15886	5381	14834	5380	14533	5528	15002	5235	14509	5108
0:24:10	30.0	16138	5587	16002	5408	14846	5361	14614	5643	14876	5247	14546	5090
0:24:15	30.0	16034	5669	15945	5388	15002	5352	14497	5546	15003	5228	14363	5084
0:24:20	30.0	16025	5606	15889	5440	14908	5357	14561	5582	14865	5232	14447	5092
0:24:25	30.0	16212	5633	15875	5438	14884	5313	14622	5584	14921	5192	14582	5113
0:24:30	30.0	16208	5581	15914	5372	14893	5362	14556	5602	14869	5227	14445	5164
0:24:35	30.0	16054	5679	16025	5436	14774	5345	14469	5616	14802	5231	14482	5113
0:24:40	30.0	16006	5636	15849	5492	14754	5335	14634	5579	14847	5219	14568	5114
0:24:45	30.0	16045	5651	15891	5456	14816	5356	14507	5583	14880	5243	14543	5128
0:24:50	30.0	16122	5620	15769	5446	14864	5317	14553	5593	14955	5191	14498	5119
0:24:55	30.0	16169	5685	15731	5441	14705	5411	14532	5612	14795	5221	14480	5080
0:25:00	30.0	16150	5604	15822	5444	14772	5356	14594	5551	14912	5243	14446	5080
0:25:05	30.0	16060	5612	15816	5432	14828	5339	14529	5561	15006	5197	14410	5112
0:25:10	30.0	16015	5605	15858	5419	14727	5326	14475	5648	14797	5254	14481	5123
0:25:15	30.0	16054	5632	15768	5439	14754	5331	14523	5587	14800	5170	14409	5103
0:25:20	30.0	16048	5684	15802	5450	14850	5374	14452	5581	14898	5259	14409	5088
0:25:25	30.0	15975	5660	15938	5429	14808	5375	14482	5609	14991	5256	14515	5093
0:25:30	30.0	16060	5641	15863	5453	14918	5345	14601	5571	15004	5273	14438	5137
0:25:35	30.0	16003	5673	15903	5459	14905	5311	14626	5614	14895	5249	14536	5143
0:25:40	30.0	16006	5671	15850	5464	14864	5351	14523	5586	14792	5266	14505	5163
0:25:45	30.0	15982	5694	15786	5460	14892	5378	14606	5603	14937	5278	14516	5101
0:25:50	30.0	16088	5658	15828	5463	14855	5399	14577	5642	14887	5259	14552	5114
0:25:55	30.0	16105	5641	16017	5454	14675	5404	14400	5567	14831	5281	14463	5132
0:26:00	30.0	16022	5646	15874	5484	14765	5403	14473	5576	14846	5279	14473	5084
0:26:05	30.0	16030	5672	15830	5458	14844	5359	14580	5602	14957	5259	14383	5093
0:26:10	30.0	15994	5599	15800	5450	14909	5351	14463	5615	14792	5210	14395	5160
0:26:15	30.0	15972	5710	15830	5531	14747	5352	14497	5603	14855	5302	14508	5139
0:26:20	30.0	16221	5614	15855	5473	14779	5379	14617	5562	14817	5261	14402	5097
0:26:25	30.0	16035	5656	15824	5440	14869	5394	14529	5647	14853	5209	14500	5135
0:26:30	30.0	16093	5690	15905	5426	14964	5406	14501	5611	14817	5247	14495	5087
0:26:35	30.0	16111	5661	15997	5455	14816	5386	14531	5608	14871	5240	14395	5121
0:26:40	30.0	16039	5715	15867	5405	14963	5354	14555	5609	14881	5245	14485	5121
0:26:45	30.0	16245	5669	15858	5494	14764	5370	14554	5643	14877	5303	14500	5138
0:26:50	30.0	16019	5679	15930	5448	14778	5331	14494	5634	14812	5231	14463	5139
0:26:55	30.0	16005	5652	15953	5460	14781	5388	14485	5590	14870	5291	14321	5189
0:27:00	30.0	16175	5657	15794	5509	14821	5371	14331	5649	14960	5290	14470	5188
0:27:05	30.0	16151	5663	15839	5474	14819	5419	14569	5602	14951	5259	14427	5133
0:27:10	30.0	16147	5710	15892	5466	14744	5422	14448	5615	14724	5265	14488	5160
0:27:15	30.0	16132	5697	15884	5513	14961	5399	14650	5611	14846	5289	14372	5126
0:27:20	30.0	15926	5716	15845	5496	14863	5392	14569	5586	14815	5214	14314	5126
0:27:25	30.0	16143	5736	15944	5449	14879	5373	14478	5625	14940	5276	14470	5121
0:27:30	30.0	15940	5708	15806	5505	14869	5405	14590	5596	14848	5294	14335	5193
0:27:35	30.0	16088	5654	15912	5442	14958	5391	14606	5569	14878	5243	14448	5133
0:27:40	30.0	16148	5647	16000	5482	14690	5418	14510	5663	14880	5249	14409	5167
0:27:45	30.0	16171	5710	15799	5468	14628	5403	14457	5665	14834	5285	14517	5158
0:27:50	30.0	16085	5651	15816	5465	14927	5393	14559	5618	14857	5253	14486	5124
0:27:55	30.0	16230	5681	15833	5482	14895	5371	14585	5657	14761	5295	14506	5139
0:28:00	30.0	15983	5726	15928	5484	14893	5406	14615	5632	14989	5273	14340	5154
0:28:05	30.0	16056	5698	15858	5506	14800	5357	14629	5578	14957	5267	14497	5142
0:28:10	30.0	15998	5707	15979	5482	14802	5333	14470	5604	14864	5290	14445	5120
0:28:15	30.0	16088	5706	15821	5431	14650	5382	14660	5652	14860	5290	14572	5174
0:28:20	30.0	15987	5657	15957	5460	14802	5427	14396	5601	14927	5245	14519	5159
0:28:25	30.0	16085	5732	15906	5549	14799	5398	14497	5591	14891	5362	14487	5156
0:28:30	30.0	16084	5661	15863	5517	14793	5403	14448	5671	14912	5285	14402	5173
0:28:35	30.0	16025	5654	15934	5531	14876	5389	14622	5676	14829	5328	14516	5178
0:28:40	30.0	16026	5670	15946	5465	14823	5398	14523	5641	14898	5262	14516	5114
0:28:45	30.0	15945	5711	15812	5500	14609	5398	14391	5641	14893	5295	14584	5124
0:28:50	30.0	16181	5694	15931	5463	14843	5384	14503	5641	14834	5263	14382	5158
0:28:55	30.0	16009	5665	15916	5477	14836	5383	14514	5688	14808	5307	14595	5180
0:29:00	30.0	15990	5690	15835	5511	14812	5410	14453	5691	14992	5260	14388	5155
0:29:05	30.0	15953	5740	15917	5515	14757	5355	14399	5609	14860	5269	14454	5135
0:29:10	30.0	16053	5667	15907	5511	14845	5393	14448	5658	14898	5283	14489	5161
0:29:15	30.0	15978	5640	15754	5540	14819	5414	14413	5669	14865	5331	14496	5167
0:29:20	30.0	16050	5725	15814	5452	14736	5403	14351	5611	14876	5269	14515	5095
0:29:25	30.0	16108	5730	15916	5534	14711	5394	14385	5675	14861	5332	14429	5168
0:29:30	30.0	16099	5697	15710	5521	14862	5406	14546	5644	14867	5335	14447	5167
0:29:35	30.0	15980	5742	15889	5559	14740	5472	14324	5695	14790	5320	14388	5208
0:29:40	30.0	15965	5694	15740	5535	14745	5449	14440	5645	14825	5289	14378	5140
0:29:45	30.0	16113	5714	15903	5476	14762	5377	14499	5720	14795	5312	14487	5210
0:29:50	30.0	16147	5746	15786	5516	14821	5368	14559	5648	14797	5355	14451	5125
0:29:55	30.0	16005	5695	15938	5475	14755	5408	14456	5649	14890	5307	14475	5164
0:30:00	30.0	15990	5755	15852	5532	14745	5426	14410	5672	14808	5323	14412	5138
0:30:05	30.0	16098	5634	15700	5547	14851	5398	14505	5635	14847	5316	14424	5178
0:30:10	30.0	16077	5729	15790	5544	14755	5469	14380	5689	14705	5282	14355	5155
0:30:15	30.0	15873	5712	15940	5504	14850	5404	14369	5650	14954	5287	14332	5111
0:30:20	30.0	16034	5715	15970	5487	14693	5461	14502	5653	14713	5323	14303	5159
0:30:25	30.0	15999	5737	15702	5529	14814	5467	14412	5666	14840	5361	14401	5117
0:30:30	30.0	16117	5738	15717	5539	14712	5386	14445	5672	14862	5341	14509	5201
0:30:35	30.0	16029	5750	15823	5551	14703	5493	14365	5623	14896	5302	14610	5143
0:30:40	30.0	16144	5697	15984	5517	14767	5417	14481	5706	14735	5301	14384	5158
0:30:45	30.0	15980	5708	15804	5476	14749	5416	14491	5632	14917	5330	14530	5131
0:30:50	30.0	15957	5762	15772	5534	14760	5369	14356	5683	14921	5330	14512	5165
0:30:55	30.0	15866	5713	15732	5545	14728	5422	14361	5711	14801	5345	14591	5217
0:31:00	30.0	15999	5729	15794	5553	14798	5391	14470	5689	14771	5369	14396	5192
0:31:05	30.0	15832	5714	15783	5543	14771	5450	14571	5683	14829	5342	14552	5228
0:31:10	30.0	15997	5745	16028	5526	14711	5412	14391	5666	14874	5314	14580	5193
0:31:15	30.0	15886	5696	15921	5512	14740	5432	14488	5658	14830	5314	14420	5180
0:31:20	30.0	16062	5729	15806	5454	14774	5396	14451	5668	14883	5323	14312	5208
0:31:25	30.0	16086	5716	15969	5480	14780	5390	14405	5643	14801	5304	14337	5171
0:31:30	30.0	16070	5819	15926	5515	14934	5420	14547	5632	14782	5362	14286	5193
0:31:35	30.0	16025	5718	15696	5511	14767	5432	14480	5763	14780	5415	14361	5143
0:31:40	30.0	15974	5758	15851	5592	14799	5497	14431	5677	14851	5370	14413	5182
0:31:45	30.0	15946	5745	15954	5504	14719	5472	14401	5690	14905	5385	14444	5203
0:31:50	30.0	16174	5804	15834	5522	14662	5387	14535	5673	14899	5409	14233	5215
0:31:55	30.0	16011	5734	15895	5496	14683	5457	14397	5707	14857	5336	14494	5169
0:32:00	30.0	16083	5744	15860	5540	14780	5426	14435	5635	14904	5368	14353	5175
0:32:05	30.0	15932	5756	15818	5572	14832	5492	14488	5687	14817	5338	14447	5190
0:32:10	30.0	16040	5722	15807	5508	14773	5408	14478	5668	14834	5314	14387	5188
0:32:15	30.0	15938	5739	15766	5557	14641	5420	14510	5657	14780	5310	14351	5193
0:32:20	30.0	16039	5747	15959	5592	14907	5434	14440	5650	14826	5325	14422	5241
0:32:25	30.0	16032	5766	15866	5489	14816	5422	14415	5691	14781	5397	14300	5212
0:32:30	30.0	15991	5770	15827	5580	14687	5461	14501	5708	14818	5357	14582	5204
0:32:35	30.0	16116	5797	15725	5506	14685	5485	14434	5738	14956	5331	14380	5207
0:32:40	30.0	15968	5711	15763	5523	14876	5431	14405	5662	14828	5322	14451	5208
0:32:45	30.0	15999	5782	15832	5562	14710	5429	14523	5700	14970	5384	14423	5209
0:32:50	30.0	16136	5784	15847	5534	14694	5431	14398	5720	14899	5349	14394	5214
0:32:55	30.0	15898	5782	15729	5546	14848	5480	14323	5732	14777	5314	14398	5267
0:33:00	30.0	16023	5748	15932	5568	14739	5460	14444	5673	14871	5345	14345	5189
0:33:05	30.0	16132	5732	15722	5538	14725	5449	14401	5667	14787	5377	14518	5201
0:33:10	30.0	16026	5744	15883	5536	14846	5393	14515	5692	14726	5401	14289	5175
0:33:15	30.0	16130	5713	15925	5561	14775	5459	14521	5762	14900	5348	14484	5153
0:33:20	30.0	15901	5742	15807	5597	14738	5448	14429	5691	14754	5425	14506	5226
0:33:25	30.0	15969	5748	15787	5566	14705	5480	14389	5704	14850	5371	14434	5185
0:33:30	30.0	16112	5741	15899	5548	14799	5437	14417	5677	14911	5335	14428	5224
0:33:35	30.0	15981	5733	15711	5550	14649	5427	14378	5734	14896	5404	14383	5215
0:33:40	30.0	15985	5774	15675	5617	14721	5427	14460	5718	14843	5385	14354	5251
0:33:45	30.0	15958	5779	15896	5554	14701	5458	14360	5693	14777	5380	14360	5237
0:33:50	30.0	16055	5752	15720	5617	14660	5449	14529	5716	14805	5337	14473	5174
0:33:55	30.0	15947	5792	15846	5622	14613	5414	14446	5717	14777	5288	14438	5227
0:34:00	30.0	16020	5794	15830	5594	14681	5471	14454	5769	14713	5401	14452	5184
0:34:05	30.0	16026	5769	15739	5607	14731	5475	14400	5749	14863	5405	14413	5209
0:34:10	30.0	15989	5787	15687	5576	14811	5545	14366	5744	14767	5351	14351	5254
0:34:15	30.0	15969	5770	15797	5586	14746	5445	14337	5703	14936	5395	14387	5181
0:34:20	30.0	15948	5749	15748	5596	14700	5469	14380	5716	14879	5396	14298	5222
0:34:25	30.0	16008	5791	15825	5604	14771	5436	14417	5737	14785	5409	14436	5188
0:34:30	30.0	16122	5753	15626	5598	14664	5455	14464	5740	14879	5381	14488	5208
0:34:35	30.0	15919	5771	15740	5565	14627	5477	14469	5703	14784	5364	14592	5198
0:34:40	30.0	15930	5772	15713	5549	14644	5496	14407	5670	14767	5359	14479	5203
0:34:45	30.0	15945	5730	15759	5602	14688	5483	14369	5685	14826	5415	14419	5242
0:34:50	30.0	16001	5744	15765	5560	14716	5489	14451	5706	14823	5371	14468	5233
0:34:55	30.0	15984	5746	15962	5580	14697	5460	14444	5743	14856	5393	14388	5243
0:35:00	30.0	15917	5787	15738	5596	14759	5458	14463	5716	14798	5415	14396	5223
0:35:05	30.0	16050	5834	15807	5533	14739	5481	14380	5695	14865	5374	14473	5208
0:35:10	30.0	15835	5777	15774	5614	14693	5467	14561	5778	14808	5416	14295	5207
0:35:15	30.0	16082	5798	15760	5578	14798	5514	14448	5708	14804	5417	14482	5276
0:35:20	30.0	15922	5775	15785	5566	14741	5522	14294	5709	14769	5444	14443	5142
0:35:25	30.0	16033	5795	15893	5577	14823	5453	14520	5692	14741	5432	14325	5242
0:35:30	30.0	15926	5759	15947	5581	14850	5557	14291	5804	14725	5386	14345	5198
0:35:35	30.0	16055	5817	15628	5613	14694	5428	14379	5710	14820	5391	14528	5241
0:35:40	30.0	15975	5791	15738	5594	14734	5529	14546	5737	14954	5406	14308	5212
0:35:45	30.0	15964	5848	15769	5533	14688	5418	14450	5705	14892	5431	14517	5252
0:35:50	30.0	16087	5783	15735	5582	14806	5538	14337	5754	14757	5421	14298	5219
0:35:55	30.0	16032	5762	15726	5568	14706	5467	14570	5780	14871	5394	14363	5208
0:36:00	30.0	15914	5779	15671	5656	14709	5467	14357	5720	14780	5386	14402	5233
0:36:05	30.0	15992	5785	15775	5598	14699	5408	14382	5740	14816	5421	14397	5217
0:36:10	30.0	15927	5805	15771	5627	14778	5453	14363	5779	14830	5411	14402	5196
0:36:15	30.0	16035	5790	15887	5582	14725	5476	14505	5806	14985	5398	14364	5206
0:36:20	30.0	15981	5768	15874	5567	14742	5503	14437	5755	14864	5381	14522	5269
0:36:25	30.0	15812	5772	15768	5644	14763	5516	14426	5748	14775	5381	14405	5210
0:36:30	30.0	16009	5860	15766	5639	14768	5500	14345	5726	14872	5401	14375	5240
0:36:35	30.0	15897	5814	15747	5626	14640	5507	14359	5721	14979	5384	14345	5261
0:36:40	30.0	16065	5867	15839	5539	14693	5578	14360	5729	14791	5429	14392	5224
0:36:45	30.0	15859	5845	15786	5675	14727	5442	14580	5755	14811	5425	14392	5255
0:36:50	30.0	16151	5834	15740	5538	14654	5516	14363	5741	14887	5425	14389	5213
0:36:55	30.0	16061	5836	15767	5600	14674	5544	14335	5787	14807	5377	14417	5236
0:37:00	30.0	15958	5867	15762	5568	14701	5498	14507	5778	14760	5460	14421	5255
0:37:05	30.0	16171	5800	15823	5572	14659	5524	14419	5755	14782	5443	14295	5200
0:37:10	30.0	16092	5738	15692	5573	14762	5496	14366	5749	14700	5393	14496	5296
0:37:15	30.0	15977	5795	15896	5631	14703	5484	14534	5733	14795	5451	14420	5246
0:37:20	30.0	16026	5793	15707	5614	14696	5509	14434	5751	14765	5518	14468	5259
0:37:25	30.0	15958	5778	15696	5604	14544	5536	14464	5824	14676	5436	14320	5222
0:37:30	30.0	15846	5800	15724	5630	14654	5497	14315	5774	14848	5412	14322	5316
0:37:35	30.0	15882	5844	15686	5654	14737	5542	14402	5788	14639	5382	14388	5280
0:37:40	30.0	16024	5799	15839	5636	14814	5545	14398	5749	14786	5448	14406	5303
0:37:45	30.0	16095	5804	15886	5643	14739	5506	14532	5783	14820	5459	14402	5247
0:37:50	30.0	15894	5862	15812	5622	14754	5483	14398	5788	14810	5421	14383	5216
0:37:55	30.0	16037	5786	15739	5595	14724	5515	14350	5751	14641	5419	14273	5202
0:38:00	30.0	15945	5808	15861	5613	14660	5458	14382	5748	14901	5433	14433	5217
0:38:05	30.0	15990	5909	15895	5663	14825	5504	14384	5757	14802	5486	14437	5247
0:38:10	30.0	15981	5849	15798	5661	14643	5544	14470	5748	14810	5438	14285	5249
0:38:15	30.0	15993	5815	15668	5600	14912	5503	14406	5753	14801	5460	14302	5251
0:38:20	30.0	15918	5843	15833	5665	14757	5538	14402	5752	14888	5419	14380	5212
0:38:25	30.0	15899	5913	15759	5634	14752	5536	14338	5759	14755	5445	14285	5247
0:38:30	30.0	15988	5834	15699	5673	14638	5513	14378	5740	14791	5477	14427	5224
0:38:35	30.0	15930	5821	15845	5651	14734	5540	14419	5812	14775	5421	14458	5249
0:38:40	30.0	15980	5818	15699	5632	14600	5511	14391	5762	14877	5430	14378	5269
0:38:45	30.0	15944	5852	15705	5645	14754	5490	14444	5781	14790	5453	14421	5258
0:38:50	30.0	15897	5885	15873	5619	14714	5570	14585	5795	14815	5502	14312	5275
0:38:55	30.0	15934	5804	15674	5635	14687	5498	14406	5763	14697	5439	14365	5213
0:39:00	30.0	15936	5854	15777	5647	14733	5537	14398	5806	14716	5496	14369	5267
0:39:05	30.0	16030	5852	15773	5626	14698	5509	14414	5761	14827	5461	14445	5260
0:39:10	30.0	16095	5824	15878	5678	14641	5515	14390	5785	14820	5463	14467	5262
0:39:15	30.0	15919	5864	15697	5666	14744	5573	14397	5778	14640	5431	14426	5257
0:39:20	30.0	15988	5849	15715	5645	14833	5508	14417	5784	14856	5449	14434	5251
0:39:25	30.0	15944	5875	15844	5608	14573	5551	14465	5798	14801	5520	14412	5273
0:39:30	30.0	16034	5854	15808	5655	14691	5517	14404	5788	14745	5474	14409	5258
0:39:35	30.0	15921	5844	15819	5618	14713	5526	14472	5794	14751	5477	14319	5289
0:39:40	30.0	15938	5845	15669	5632	14734	5513	14489	5778	14908	5481	14303	5244
0:39:45	30.0	16098	5883	15668	5628	14793	5548	14439	5823	14806	5494	14384	5277
0:39:50	30.0	15939	5876	15729	5614	14696	5507	14372	5807	14744	5466	14462	5239
0:39:55	30.0	16048	5838	15753	5692	14621	5505	14407	5762	14927	5464	14330	5282
0:40:00	30.0	15990	5862	15759	5654	14872	5491	14343	5849	14778	5452	14276	5274
0:40:05	30.0	15913	5865	15738	5593	14748	5556	14458	5846	14731	5502	14500	5259
0:40:10	30.0	15865	5839	15790	5651	14735	5558	14423	5838	14671	5473	14334	5258
0:40:15	30.0	15871	5863	15807	5653	14822	5506	14450	5771	14795	5481	14473	5297
0:40:20	30.0	15959	5881	15708	5670	14757	5555	14332	5790	14717	5489	14303	5268
0:40:25	30.0	15918	5829	15791	5637	14748	5570	14370	5858	14755	5468	14237	5276
0:40:30	30.0	15986	5862	15781	5671	14690	5480	14490	5802	14721	5478	14315	5241
0:40:35	30.0	16002	5877	15713	5645	14660	5491	14359	5812	14974	5465	14311	5295
0:40:40	30.0	15938	5856	15676	5660	14621	5520	14442	5853	14686	5483	14395	5230
0:40:45	30.0	15860	5811	15709	5664	14591	5551	14297	5822	14672	5452	14421	5255
0:40:50	30.0	15934	5856	15664	5651	14767	5475	14468	5821	14803	5432	14320	5292
0:40:55	30.0	15898	5854	15637	5662	14671	5507	14343	5810	14822	5518	14287	5259
0:41:00	30.0	15980	5823	15828	5608	14549	5565	14420	5838	14724	5448	14344	5282
0:41:05	30.0	15913	5930	15668	5589	14647	5553	14518	5814	14752	5500	14508	5324
0:41:10	30.0	16001	5861	15849	5668	14798	5594	14385	5848	14791	5514	14420	5242
0:41:15	30.0	15918	5901	15638	5640	14688	5578	14338	5836	14836	5513	14339	5276
0:41:20	30.0	15968	5862	15690	5648	14730	5572	14401	5817	14744	5472	14282	5277
0:41:25	30.0	15893	5855	15706	5692	14669	5525	14470	5847	14780	5484	14376	5321
0:41:30	30.0	15967	5915	15751	5685	14735	5559	14274	5791	14682	5466	14355	5351
0:41:35	30.0	15890	5857	15738	5667	14702	5552	14287	5806	14794	5447	14401	5278
0:41:40	30.0	15938	5871	15706	5668	14843	5594	14373	5827	14658	5460	14330	5259
0:41:45	30.0	15955	5920	15827	5655	14741	5586	14548	5791	14772	5513	14416	5295
0:41:50	30.0	15955	5843	15787	5679	14780	5549	14362	5870	14836	5488	14382	5334
0:41:55	30.0	15886	5907	15688	5679	14744	5551	14331	5811	14842	5458	14441	5290
0:42:00	30.0	16109	5898	15681	5690	14824	5551	14443	5916	14798	5518	14445	5318
0:42:05	30.0	15978	5833	15732	5675	14800	5572	14366	5898	14685	5555	14387	5283
0:42:10	30.0	15911	5851	15665	5688	14737	5537	14427	5892	14703	5482	14323	5311
0:42:15	30.0	16032	5932	15790	5705	14715	5599	14377	5838	14788	5498	14323	5306
0:42:20	30.0	16051	5876	15738	5651	14669	5576	14430	5877	14661	5524	14355	5272
0:42:25	30.0	15878	5864	15818	5685	14675	5558	14419	5859	14673	5525	14307	5322
0:42:30	30.0	15920	5853	15910	5635	14725	5599	14450	5874	14760	5488	14458	5298
0:42:35	30.0	15926	5901	15678	5699	14701	5576	14378	5888	14859	5534	14340	5282
0:42:40	30.0	15907	5918	15676	5717	14623	5593	14317	5770	14794	5544	14392	5359
0:42:45	30.0	15952	5877	15711	5698	14679	5548	14432	5793	14822	5509	14323	5351
0:42:50	30.0	16005	5883	15853	5670	14693	5571	14376	5843	14773	5560	14395	5320
0:42:55	30.0	15872	5888	15854	5690	14623	5531	14436	5852	14780	5520	14318	5266
0:43:00	30.0	15923	5898	15718	5680	14602	5562	14410	5860	14874	5531	14351	5300
0:43:05	30.0	15918	5891	15692	5703	14706	5594	14518	5850	14726	5464	14456	5321
0:43:10	30.0	15934	5898	15847	5654	14718	5572	14284	5861	14644	5486	14332	5305
0:43:15	30.0	16020	5916	15757	5685	14826	5597	14349	5870	14865	5530	14307	5308
0:43:20	30.0	16022	5898	15683	5675	14726	5626	14385	5934	14777	5499	14453	5296
0:43:25	30.0	15947	5831	15678	5747	14683	5551	14393	5804	14780	5545	14413	5254
0:43:30	30.0	15892	5891	15774	5689	14696	5530	14362	5885	14732	5523	14300	5314
0:43:35	30.0	15867	5931	15638	5687	14763	5518	14386	5842	14775	5503	14354	5267
0:43:40	30.0	15856	5884	15713	5722	14778	5613	14321	5840	14754	5507	14354	5301
0:43:45	30.0	15945	5908	15637	5728	14650	5575	14316	5805	14771	5511	14359	5274
0:43:50	30.0	15988	5931	15794	5676	14739	5543	14309	5833	14806	5529	14345	5343
0:43:55	30.0	16014	5865	15779	5718	14629	5551	14453	5866	14712	5561	14466	5294
0:44:00	30.0	16032	5885	15786	5760	14668	5545	14371	5826	14770	5544	14331	5334
0:44:05	30.0	15875	5868	15693	5658	14588	5573	14340	5839	14811	5506	14307	5311
0:44:10	30.0	15835	5888	15613	5725	14687	5513	14307	5882	14789	5556	14362	5290
0:44:15	30.0	15816	5926	15603	5674	14649	5574	14358	5900	14666	5543	14397	5286
0:44:20	30.0	15881	5928	15599	5811	14714	5609	14475	5842	14755	5529	14336	5277
0:44:25	30.0	15920	5897	15803	5736	14651	5555	14464	5837	14812	5560	14359	5306
0:44:30	30.0	15915	5885	15806	5739	14626	5587	14302	5831	14679	5522	14442	5306
0:44:35	30.0	15844	5925	15674	5696	14729	5602	14334	5880	14776	5581	14464	5321
0:44:40	30.0	15916	5833	15768	5762	14669	5611	14457	5884	14854	5565	14403	5326
0:44:45	30.0	15911	5899	15723	5690	14772	5625	14396	5800	14784	5491	14450	5349
0:44:50	30.0	15964	5944	15725	5688	14716	5554	14540	5916	14744	5540	14321	5322
0:44:55	30.0	16095	5927	15800	5740	14653	5576	14446	5878	14720	5540	14384	5334
0:45:00	30.0	15950	5903	15757	5726	14726	5577	14271	5910	14759	5530	14398	5315
0:45:05	30.0	15884	5969	15945	5693	14772	5613	14433	5835	14792	5537	14428	5312
0:45:10	30.1	16045	5912	15699	5780	14743	5612	14380	5882	14827	5548	14290	5288
0:45:15	30.0	16037	5995	15656	5691	14633	5564	14352	5830	14819	5571	14392	5329
0:45:20	30.1	15969	5909	15635	5772	14638	5584	14458	5865	14830	5597	14324	5332
0:45:25	30.1	15960	5922	15772	5731	14673	5574	14408	5864	14669	5597	14344	5335
0:45:30	30.1	15962	5934	15698	5690	14601	5621	14358	5886	14854	5585	14242	5330
0:45:35	30.1	16005	5931	15700	5716	14593	5629	14351	5876	14781	5561	14271	5348
0:45:40	30.1	15890	5960	15727	5692	14636	5654	14359	5870	14904	5562	14357	5321
0:45:45	30.1	15924	5954	15697	5702	14709	5569	14254	5881	14749	5553	14362	5376
0:45:50	30.1	15887	5961	15665	5760	14724	5587	14348	5936	14703	5510	14324	5356
0:45:55	30.0	15903	5913	15747	5760	14691	5627	14318	5894	14731	5560	14393	5361
0:46:00	30.0	15901	5968	15723	5683	14705	5558	14385	5933	14832	5540	14415	5370
0:46:05	30.1	15899	5927	15760	5755	14708	5591	14392	5886	14788	5562	14320	5314
0:46:10	30.1	15891	5957	15724	5745	14662	5634	14323	5911	14658	5594	14395	5302
0:46:15	30.1	15891	5929	15676	5700	14797	5587	14474	5900	14730	5618	14353	5405
0:46:20	30.1	15872	5987	15651	5765	14751	5582	14462	5871	14739	5565	14366	5344
0:46:25	30.1	15921	5897	15628	5790	14724	5541	14393	5889	14681	5567	14261	5279
0:46:30	30.1	15847	5924	15717	5746	14639	5622	14319	5897	14731	5567	14385	5371
0:46:35	30.0	15798	5954	15717	5753	14664	5579	14248	5860	14881	5608	14333	5358
0:46:40	30.1	15976	5911	15767	5767	14811	5621	14416	5885	14641	5562	14292	5365
0:46:45	30.1	15840	5951	15856	5751	14684	5567	14345	5877	14765	5610	14368	5284
0:46:50	30.0	15860	5966	15710	5752	14619	5619	14305	5866	14818	5640	14329	5345
0:46:55	30.1	15935	5930	15619	5733	14653	5622	14292	5888	14731	5584	14457	5365
0:47:00	30.1	15941	5948	15559	5742	14695	5614	14330	5889	14773	5611	14361	5381
0:47:05	30.1	16010	5947	15671	5804	14544	5663	14392	5934	14723	5591	14336	5372
0:47:10	30.1	15835	5976	15754	5728	14716	5669	14379	5905	14619	5603	14403	5348
0:47:15	30.1	15912	5995	15620	5738	14642	5543	14433	5893	14627	5550	14284	5369
0:47:20	30.1	15911	5947	15591	5741	14715	5625	14278	5913	14827	5583	14334	5326
0:47:25	30.0	15846	5982	15744	5716	14822	5666	14299	5909	14715	5582	14359	5347
0:47:30	30.1	15863	5974	15747	5723	14743	5592	14235	5877	14812	5577	14244	5354
0:47:35	30.0	15915	5928	15744	5782	14669	5624	14258	5945	14804	5540	14328	5363
0:47:40	30.1	15907	5979	15692	5730	14566	5600	14295	5935	14758	5594	14421	5334
0:47:45	30.1	15912	6003	15741	5792	14722	5632	14377	5887	14791	5576	14285	5338
0:47:50	30.1	15845	5972	15671	5836	14583	5603	14471	5913	14703	5626	14454	5381
0:47:55	30.1	15847	6014	15702	5766	14679	5635	14335	5903	14699	5570	14490	5354
0:48:00	30.1	15812	5990	15734	5760	14705	5616	14279	5896	14681	5584	14523	5356
0:48:05	30.1	16046	5954	15595	5768	14641	5592	14292	5906	14729	5661	14472	5342
0:48:10	30.0	15937	5956	15756	5813	14568	5648	14450	5873	14801	5591	14290	5387
0:48:15	30.1	15813	5988	15767	5801	14725	5676	14306	5941	14750	5615	14304	5370
0:48:20	30.1	15763	5932	15735	5754	14573	5627	14434	5942	14644	5608	14331	5361
0:48:25	30.0	15887	6007	15679	5744	14683	5636	14405	5891	14865	5640	14408	5364
0:48:30	30.1	15823	5922	15836	5795	14671	5613	14411	5895	14674	5612	14365	5357
0:48:35	30.1	15806	6002	15631	5745	14752	5623	14281	5929	14719	5567	14328	5370
0:48:40	30.1	15838	5960	15709	5790	14720	5608	14336	5899	14900	5625	14290	5411
0:48:45	30.1	15893	6007	15796	5720	14608	5589	14306	5931	14791	5611	14230	5353
0:48:50	30.1	15916	5988	15722	5809	14649	5644	14385	5909	14797	5622	14235	5387
0:48:55	30.0	15834	5988	15747	5800	14647	5676	14350	5916	14606	5591	14391	5379
0:49:00	30.1	15888	5978	15793	5781	14719	5646	14322	5906	14806	5612	14428	5327
0:49:05	30.1	16004	5988	15637	5767	14684	5601	14208	5924	14791	5609	14292	5331
0:49:10	30.0	15914	6043	15690	5781	14523	5579	14403	5993	14628	5627	14475	5367
0:49:15	30.1	15941	6053	15599	5768	14638	5615	14310	5913	14615	5593	14270	5342
0:49:20	30.1	15828	5968	15670	5785	14715	5571	14362	5930	14699	5642	14386	5365
0:49:25	30.1	15879	5976	15714	5788	14730	5634	14478	5931	14732	5628	14402	5365
0:49:30	30.1	15902	5993	15658	5768	14657	5678	14420	5949	14704	5599	14349	5361
0:49:35	30.1	15819	6008	15664	5786	14594	5630	14260	5970	14662	5612	14402	5380
0:49:40	30.1	15865	5983	15753	5800	14593	5622	14413	5956	14753	5641	14341	5325
0:49:45	30.0	15930	5966	15638	5784	14650	5668	14331	5983	14732	5614	14391	5378
0:49:50	30.1	15818	5975	15590	5773	14658	5681	14385	5938	14716	5567	14336	5353
0:49:55	30.1	15966	6005	15860	5770	14673	5611	14349	5946	14695	5656	14328	5364
0:50:00	30.1	15966	6044	15529	5757	14689	5684	14295	5922	14786	5664	14337	5393
0:50:05	30.1	15942	6013	15694	5800	14787	5676	14350	5954	14752	5615	14438	5367
0:50:10	30.1	15842	6010	15586	5768	14655	5658	14408	5920	14788	5589	14294	5377
0:50:15	30.1	15966	6001	15701	5786	14622	5637	14293	5941	14703	5697	14352	5418
0:50:20	30.1	15978	5991	15695	5800	14568	5674	14414	5907	14723	5657	14323	5377
0:50:25	30.1	15799	5965	15632	5839	14655	5643	14333	5937	14693	5633	14331	5418
0:50:30	30.1	15693	5979	15791	5787	14728	5655	14308	5978	14733	5641	14232	5340
0:50:35	30.1	15835	5994	15720	5806	14671	5672	14249	5946	14761	5587	14395	5378
0:50:40	30.1	15792	6005	15810	5815	14632	5662	14421	5992	14745	5698	14408	5368
0:50:45	30.1	15911	5995	15607	5772	14665	5631	14447	5963	14756	5676	14300	5396
0:50:50	30.1	15968	6015	15573	5768	14614	5612	14328	5972	14691	5606	14299	5434
0:50:55	30.1	15814	5974	15618	5782	14639	5673	14489	5986	14744	5692	14393	5420
0:51:00	30.1	15870	5983	15588	5775	14618	5663	14320	5964	14664	5662	14220	5370
0:51:05	30.1	15984	6018	15796	5758	14687	5682	14276	5916	14680	5605	14324	5392
0:51:10	30.1	15951	6008	15695	5832	14712	5661	14366	5894	14701	5703	14394	5360
0:51:15	30.1	15884	6007	15701	5781	14645	5670	14440	5940	14672	5656	14357	5405
0:51:20	30.1	15808	6014	15634	5836	14656	5647	14506	5959	14765	5651	14345	5403
0:51:25	30.1	15887	5986	15720	5758	14747	5700	14380	5949	14645	5616	14343	5379
0:51:30	30.1	15928	6034	15673	5795	14698	5692	14340	5975	14670	5648	14370	5381
0:51:35	30.1	15858	6007	15690	5816	14613	5646	14425	5990	14639	5636	14265	5398
0:51:40	30.1	15882	6017	15695	5801	14693	5659	14264	5988	14770	5684	14329	5428
0:51:45	30.1	15841	6000	15757	5837	14687	5680	14362	5959	14707	5622	14261	5378
0:51:50	30.1	15842	6071	15700	5846	14535	5657	14465	6024	14657	5644	14260	5455
0:51:55	30.1	15855	5988	15598	5798	14646	5706	14432	5993	14715	5646	14390	5403
0:52:00	30.1	15871	5974	15645	5773	14738	5661	14248	5980	14652	5621	14364	5406
0:52:05	30.1	15806	6007	15766	5864	14614	5660	14339	5964	14742	5668	14364	5416
0:52:10	30.1	16003	5973	15599	5777	14582	5725	14307	5970	14740	5616	14320	5400
0:52:15	30.1	15995	6025	15642	5805	14551	5679	14275	5977	14788	5635	14320	5394
0:52:20	30.1	16004	6021	15705	5799	14571	5746	14435	5952	14648	5675	14329	5390
0:52:25	30.1	15871	6050	15520	5871	14566	5648	14344	5969	14630	5643	14260	5467
0:52:30	30.1	15855	6044	15609	5832	14530	5688	14435	5930	14803	5648	14326	5401
0:52:35	30.1	15794	6036	15679	5848	14591	5674	14309	5958	14685	5669	14225	5370
0:52:40	30.1	15869	6002	15675	5874	14686	5657	14443	6005	14701	5681	14395	5387
0:52:45	30.1	15962	6043	15619	5847	14770	5664	14353	5931	14718	5652	14258	5413
0:52:50	30.1	15804	6031	15526	5830	14615	5640	14264	6012	14657	5676	14274	5391
0:52:55	30.1	15731	6056	15538	5782	14547	5696	14245	5943	14692	5645	14299	5388
0:53:00	30.1	15986	6037	15726	5808	14635	5702	14287	5933	14634	5661	14315	5427
0:53:05	30.1	15951	6048	15428	5815	14628	5694	14265	5982	14567	5653	14358	5384
0:53:10	30.1	15900	6011	15703	5770	14600	5660	14310	6002	14663	5652	14223	5437
0:53:15	30.1	15939	6047	15571	5806	14536	5681	14379	5977	14805	5682	14266	5369
0:53:20	30.1	15886	6086	15631	5877	14696	5702	14246	6007	14597	5630	14351	5456
0:53:25	30.1	15857	5989	15607	5769	14625	5665	14308	5985	14779	5675	14373	5370
0:53:30	30.1	15814	6037	15681	5765	14515	5687	14246	6029	14669	5708	14247	5385
0:53:35	30.1	15813	6071	15689	5851	14663	5677	14323	5993	14785	5706	14218	5384
0:53:40	30.1	15888	6062	15534	5789	14586	5690	14301	5991	14775	5676	14274	5401
0:53:45	30.1	15918	6057	15708	5842	14508	5712	14416	6015	14762	5695	14245	5424
0:53:50	30.1	15875	6092	15586	5796	14466	5651	14238	5973	14667	5726	14277	5389
0:53:55	30.1	15796	6019	15703	5809	14526	5650	14235	5987	14587	5647	14328	5449
0:54:00	30.1	15913	6020	15553	5818	14543	5696	14339	5976	14705	5707	14343	5395
0:54:05	30.1	15854	6027	15491	5825	14599	5733	14243	6027	14584	5675	14246	5378
0:54:10	30.1	15761	6049	15592	5843	14561	5730	14338	6001	14636	5658	14172	5404
0:54:15	30.1	15876	6087	15617	5800	14652	5754	14410	6011	14756	5688	14333	5418
0:54:20	30.1	15851	6042	15628	5815	14689	5684	14353	5979	14660	5721	14183	5410
0:54:25	30.1	15746	6050	15518	5845	14546	5670	14357	5952	14634	5658	14200	5387
0:54:30	30.1	15785	6002	15524	5775	14783	5654	14269	6036	14807	5676	14373	5404
0:54:35	30.1	15809	6045	15583	5827	14608	5649	14185	6000	14581	5695	14191	5398
0:54:40	30.1	15774	6009	15587	5862	14658	5617	14267	6018	14807	5656	14376	5393
0:54:45	30.1	15948	6069	15625	5825	14671	5662	14249	5969	14672	5676	14376	5409
0:54:50	30.1	15835	6021	15546	5808	14462	5676	14236	6001	14730	5686	14290	5419
0:54:55	30.1	15748	6058	15473	5826	14571	5721	14242	5962	14728	5688	14321	5445
0:55:00	30.1	15790	6049	15508	5806	14691	5659	14275	6006	14653	5619	14317	5362
0:55:05	30.1	15760	6034	15573	5792	14643	5708	14316	5990	14734	5668	14207	5406
0:55:10	30.1	15905	6032	15525	5829	14464	5702	14317	5986	14662	5721	14247	5396
0:55:15	30.1	15839	6037	15574	5843	14627	5719	14295	5980	14687	5661	14175	5375
0:55:20	30.1	15738	6055	15491	5819	14541	5709	14209	5962	14727	5676	14216	5415
0:55:25	30.1	15774	6019	15497	5913	14482	5688	14362	5985	14707	5678	14264	5446
0:55:30	30.1	15720	6014	15652	5824	14558	5728	14317	5930	14632	5668	14222	5456
0:55:35	30.1	15776	6044	15485	5814	14512	5638	14306	5978	14667	5677	14263	5403
0:55:40	30.1	15803	6028	15680	5849	14641	5677	14314	5989	14684	5696	14327	5441
0:55:45	30.1	15783	6078	15519	5810	14565	5738	14275	5986	14710	5757	14135	5412
0:55:50	30.1	15741	6043	15566	5814	14603	5750	14325	6010	14593	5721	14247	5412
0:55:55	30.1	15809	6082	15651	5873	14597	5709	14241	6012	14547	5682	14267	5433
0:56:00	30.1	15765	6060	15549	5902	14543	5709	14234	5991	14623	5699	14218	5425
0:56:05	30.1	15761	6078	15450	5856	14598	5711	14276	6021	14611	5655	14173	5385
0:56:10	30.1	15741	6018	15481	5920	14564	5717	14310	5974	14709	5698	14345	5397
0:56:15	30.1	15778	6075	15501	5860	14637	5635	14157	6007	14673	5701	14345	5435
0:56:20	30.1	15841	6058	15646	5843	14592	5677	14277	6036	14672	5707	14144	5433
0:56:25	30.1	15824	6070	15667	5888	14571	5687	14230	6064	14633	5726	14131	5422
0:56:30	30.1	15730	5996	15709	5808	14730	5693	14152	6003	14667	5758	14268	5484
0:56:35	30.1	15829	6001	15528	5861	14565	5731	14278	6059	14681	5696	14271	5440
0:56:40	30.1	15799	6070	15634	5876	14593	5701	14224	5984	14547	5713	14238	5390
0:56:45	30.1	15729	6092	15469	5854	14553	5734	14201	6006	14544	5707	14214	5427
0:56:50	30.1	15779	6063	15568	5917	14520	5686	14257	5992	14633	5666	14158	5423
0:56:55	30.1	15869	6072	15508	5869	14579	5713	14321	6019	14667	5724	14221	5448
0:57:00	30.1	15790	6073	15517	5814	14483	5716	14311	6011	14693	5711	14291	5428
0:57:05	30.1	15859	6066	15617	5898	14689	5699	14198	6076	14610	5729	14340	5402
0:57:10	30.1	15843	6031	15478	5876	14520	5730	14243	6110	14525	5679	14222	5418
0:57:15	30.1	15677	6117	15486	5877	14608	5718	14287	6008	14693	5693	14259	5487
0:57:20	30.1	15681	6078	15576	5827	14556	5739	14132	6017	14595	5744	14268	5452
0:57:25	30.1	15877	6067	15558	5858	14584	5792	14247	6021	14562	5738	14254	5440
0:57:30	30.1	15778	6065	15589	5849	14631	5692	14223	6062	14693	5699	14245	5423
0:57:35	30.1	15712	6060	15520	5926	14581	5764	14304	6016	14709	5706	14272	5436
0:57:40	30.1	15791	6091	15471	5813	14556	5702	14207	6010	14623	5735	14222	5445
0:57:45	30.1	15750	6080	15518	5926	14519	5760	14216	6012	14652	5720	14208	5497
0:57:50	30.1	15733	6026	15502	5859	14662	5692	14335	6007	14658	5707	14272	5458
0:57:55	30.1	15782	6087	15459	5913	14602	5715	14212	6031	14657	5675	14234	5484
0:58:00	30.1	15707	6092	15550	5864	14555	5668	14324	6077	14587	5680	14147	5461
0:58:05	30.1	15703	6100	15609	5869	14514	5704	14246	6068	14588	5749	14263	5449
0:58:10	30.1	15733	6104	15497	5821	14559	5722	14337	6048	14621	5667	14259	5466
0:58:15	30.1	15731	6064	15674	5917	14539	5747	14298	6009	14669	5706	14208	5471
0:58:20	30.1	15742	6080	15488	5846	14557	5699	14199	6009	14654	5750	14187	5453
0:58:25	30.1	15741	6103	15524	5848	14573	5703	14284	6026	14515	5744	14323	5449
0:58:30	30.1	15846	6072	15535	5910	14552	5705	14284	6035	14558	5764	14213	5451
0:58:35	30.1	15754	6111	15508	5871	14596	5695	14293	5969	14590	5693	14223	5434
0:58:40	30.1	15841	6090	15523	5908	14439	5731	14193	5967	14552	5758	14239	5408
0:58:45	30.1	15773	6063	15555	5871	14599	5726	14264	6040	14624	5706	14346	5495
0:58:50	30.1	15724	6086	15499	5868	14528	5723	14258	5999	14636	5718	14157	5525
0:58:55	30.1	15779	6120	15563	5895	14556	5745	14207	6035	14732	5771	14327	5429
0:59:00	30.1	15786	6061	15537	5836	14684	5724	14250	6049	14644	5726	14147	5467
0:59:05	30.1	15749	6069	15434	5868	14530	5750	14317	6036	14565	5709	14229	5468
0:59:10	30.1	15752	6057	15472	5916	14477	5739	14415	6020	14625	5751	14228	5477
0:59:15	30.1	15712	6125	15558	5891	14531	5686	14253	6079	14635	5741	14241	5481
0:59:20	30.1	15815	6157	15549	5888	14614	5737	14275	6041	14646	5761	14271	5469
0:59:25	30.1	15723	6061	15443	5926	14546	5750	14179	6058	14600	5714	14340	5416
0:59:30	30.1	15792	6080	15435	5883	14568	5743	14186	6074	14736	5770	14274	5422
0:59:35	30.1	15916	6131	15599	5934	14432	5720	14185	6031	14638	5714	14238	5414
0:59:40	30.1	15732	6092	15554	5899	14531	5733	14291	6062	14571	5736	14218	5464
0:59:45	30.1	15870	6097	15588	5944	14670	5774	14302	6046	14617	5736	14201	5474
0:59:50	30.1	15716	6105	15490	5914	14593	5699	14301	6004	14784	5724	14345	5456
0:59:55	30.1	15817	6171	15620	5934	14592	5667	14298	6011	14550	5731	14227	5465
1:00:00	30.1	15737	6151	15555	5903	14447	5739	14297	6091	14620	5749	14203	5458

Results
	1	2	3	4	5	6	7	8	9	10	11	12
A													Max V [425,457]
													R-Squared [425,457]
													t at Max V [425,457]
													Lagtime [425,457]
B													Max V [425,457]
													R-Squared [425,457]
													t at Max V [425,457]
													Lagtime [425,457]
C	4284000.000	1476000.000	-4572000.000	-1644000.000	4488000.000	-1632000.000	4764000.000	1572000.000	3876000.000	1404000.000	3948000.000	-1608000.000	Max V [425,457]
	1.000	1.000	1.000	1.000	1.000	1.000	1.000	1.000	1.000	1.000	1.000	1.000	R-Squared [425,457]
	0:04:38	0:15:08	0:23:18	0:36:48	0:01:23	0:36:43	0:01:48	0:31:33	0:00:33	0:28:23	0:01:53	0:35:18	t at Max V [425,457]
	0:02:12	0:14:53	0:25:32	0:37:11	0:00:29	0:37:05	0:00:45	0:31:11	0:00:09	0:27:58	0:00:33	0:35:35	Lagtime [425,457]
D													Max V [425,457]
													R-Squared [425,457]
													t at Max V [425,457]
													Lagtime [425,457]
E													Max V [425,457]
													R-Squared [425,457]
													t at Max V [425,457]
													Lagtime [425,457]
F													Max V [425,457]
													R-Squared [425,457]
													t at Max V [425,457]
													Lagtime [425,457]
G													Max V [425,457]
													R-Squared [425,457]
													t at Max V [425,457]
													Lagtime [425,457]
H													Max V [425,457]
													R-Squared [425,457]
													t at Max V [425,457]
													Lagtime [425,457]

