

Software Version	3.03.14



Experiment File Path:	C:\Users\Public\Documents\Experiments\CJM\20210221_Phosphate_Calibration.xpt
Protocol File Path:	C:\Users\Public\Documents\Protocols\CJM\GAP_Assay.prt



Plate Number	Plate 1
Date	1/21/2021
Time	5:06:25 PM
Reader Type:	Synergy H1
Reader Serial Number:	1803011C
Reading Type	Reader

Procedure Details

Plate Type	Costar 96 well half area
Set Temperature	Setpoint 30°C
Start Kinetic	Runtime 0:10:00 (HH:MM:SS), Interval 0:00:09, 67 Reads
    Read	Fluorescence Endpoint
	A1..B12
	Filter Set 1
	    Excitation: 425,  Emission: 457
	    Optics: Bottom,  Gain: 57
	Light Source: Xenon Flash,  Lamp Energy: High
	Read Speed: Normal,  Delay: 0 msec,  Measurements/Data Point: 5
	Read Height: 7 mm
End Kinetic	

Layout
	1	2	3	4	5	6	7	8	9	10	11	12
A	SPL1	SPL2	SPL3	SPL4	SPL5	SPL6	SPL7	SPL8	SPL9	SPL10	SPL11	SPL12	Well ID
B	SPL13	SPL15	SPL16		SPL17	SPL18							Well ID
C													Well ID
D													Well ID
E													Well ID
F													Well ID
G													Well ID
H													Well ID

425,457

Time	T° 425,457	A1	A2	A3	A4	A5	A6	A7	A8	A9	A10	A11	A12	B1	B2	B3	B5	B6
0:00:00	30.0	4733	32355	5605	33505	8620	36281	12657	37134	17636	38142	20746	38007	27205	39135	31164	34559	33558
0:00:09	30.0	4793	32496	5649	33630	8684	36308	12875	37198	17649	37781	20886	38587	27410	39282	31043	34485	33951
0:00:18	30.0	4777	32390	5638	33516	8655	36232	12789	37298	17606	38083	20884	38192	27180	39175	31389	34570	33646
0:00:27	30.0	4779	32499	5681	33998	8664	36287	12871	37056	17618	37851	20824	38152	27337	39001	31124	34596	33643
0:00:36	30.0	4801	32461	5717	33487	8698	36684	12814	36872	17597	37921	20738	38038	27400	39176	31122	34690	33672
0:00:45	30.0	4820	32656	5722	33691	8666	36204	12855	36806	17781	37928	20814	37937	27386	38879	31041	34450	33363
0:00:54	30.0	4792	32183	5713	33450	8776	36183	12694	37159	17609	37830	20720	38133	27244	38709	30775	34422	33609
0:01:03	30.0	4774	32427	5697	33474	8675	36197	12768	37075	17723	37405	20719	38167	27474	38788	30982	34387	33561
0:01:12	30.0	4793	32184	5716	33444	8725	36370	12776	36947	17703	37444	20680	37896	27136	38555	30828	34527	33421
0:01:21	30.0	4800	32650	5697	33717	8680	36359	12723	36717	17638	37464	20619	38014	27150	38879	30899	34553	33354
0:01:30	30.0	4761	32400	5684	33573	8655	36047	12740	36812	17539	37724	20612	38122	27201	38648	30895	34496	33324
0:01:39	30.0	4790	32333	5675	33751	8634	36038	12609	36820	17433	37721	20715	38062	27015	38720	30771	34349	33363
0:01:48	30.0	4783	32177	5688	33431	8563	35799	12731	36788	17565	37333	20671	37708	27370	38983	30762	34398	33190
0:01:57	30.0	4799	32333	5669	33397	8595	35866	12826	36784	17680	37456	20674	37753	27148	38522	30797	34521	33208
0:02:06	30.0	4797	32254	5693	33219	8568	36282	12675	36709	17465	37448	20561	37700	26997	38564	30681	34169	33021
0:02:15	30.0	4792	32069	5663	33485	8577	35814	12754	36582	17368	37412	20536	37568	27130	38537	30610	34035	33166
0:02:24	30.0	4773	32163	5729	33372	8576	35979	12648	36723	17594	37282	20555	37835	27174	38314	30819	34321	32880
0:02:33	30.0	4804	32462	5711	33581	8604	35944	12703	36859	17381	37219	20519	37695	27012	38361	30524	34254	33247
0:02:42	30.0	4781	32046	5659	33223	8625	36000	12743	36768	17507	37211	20568	37579	26950	38470	30543	34238	33205
0:02:51	30.0	4857	32125	5685	33119	8659	35752	12723	36525	17412	37375	20524	37420	27088	38102	30772	34147	32993
0:03:00	30.0	4764	32227	5728	33077	8574	35669	12746	36902	17367	37207	20471	37805	26956	38407	30401	33972	33036
0:03:09	30.0	4767	32277	5675	32949	8576	35681	12791	36602	17478	36991	20425	37801	26880	38348	30693	33932	32933
0:03:18	30.0	4800	32187	5645	33012	8651	35580	12728	36317	17333	37369	20489	37466	26883	38062	30457	33935	33274
0:03:27	30.0	4757	32119	5683	33303	8527	35901	12628	36364	17346	37060	20581	37464	26833	38323	30519	33908	32890
0:03:36	30.0	4809	32012	5683	33313	8610	35735	12577	36684	17312	37422	20496	37503	26960	38333	30289	33714	33153
0:03:45	30.0	4786	31989	5684	32978	8558	35610	12614	36392	17382	37357	20437	37435	26869	38269	30390	34070	32923
0:03:54	30.0	4792	31957	5654	33363	8539	35701	12628	36011	17501	36934	20564	37536	26754	37995	30247	33649	32964
0:04:03	30.0	4772	31859	5700	33008	8534	35454	12660	36525	17224	37145	20452	37348	26764	38045	30333	33806	32821
0:04:12	30.0	4779	31776	5665	33173	8606	35467	12630	36252	17333	36937	20348	37300	26862	37987	30364	33659	32827
0:04:21	30.0	4815	31927	5674	32721	8566	35564	12688	36249	17380	36812	20458	37198	26756	38147	30513	33800	33022
0:04:30	30.0	4758	31776	5742	33014	8552	35509	12739	36350	17370	36922	20386	37501	26862	37867	30199	33751	32952
0:04:39	30.0	4750	31780	5648	32804	8562	35437	12649	36014	17345	36773	20453	37445	26633	37950	30434	33650	32779
0:04:48	30.0	4858	31902	5640	32841	8562	35415	12586	36133	17333	37008	20215	37377	26856	38132	30268	33662	32866
0:04:57	30.0	4767	32003	5651	32731	8575	35193	12553	36169	17211	36712	20262	37194	26843	38323	30272	33477	32567
0:05:06	30.0	4764	31721	5652	32714	8605	35564	12587	36108	17423	36672	20277	37272	26613	37915	30363	33716	32629
0:05:15	30.0	4775	31650	5642	32727	8532	35188	12516	36096	17336	37281	20424	37053	26928	38040	30476	33343	32859
0:05:24	30.0	4777	31796	5619	32667	8492	35191	12515	36116	17205	36832	20315	37177	26835	37828	30130	33672	32559
0:05:33	30.0	4830	31765	5628	32816	8667	35225	12555	36136	17287	36823	20491	36870	26536	37929	30257	33703	32456
0:05:42	30.0	4811	31707	5638	32937	8522	35166	12555	36389	17174	36852	20213	37172	26608	38197	30323	34106	32449
0:05:51	30.0	4777	31885	5640	32965	8488	35360	12552	36295	17294	36652	20291	36965	26523	37922	30379	33558	32480
0:06:00	30.0	4755	31600	5626	32534	8641	35133	12681	35856	17082	36879	20241	37346	26492	37894	30126	33507	32490
0:06:09	30.0	4771	31651	5660	32890	8539	35243	12560	35940	17182	36827	20235	37219	26715	37591	30285	33313	32403
0:06:18	30.0	4832	31618	5639	32454	8611	35141	12555	35866	17144	36756	20333	37273	26641	37688	29895	33571	32364
0:06:27	30.0	4805	31675	5633	32835	8594	35140	12620	36119	17003	36693	20359	36985	26652	37945	30124	33637	32282
0:06:36	30.0	4766	31610	5612	32644	8536	35298	12558	35903	17219	36616	20171	37181	26632	37545	30426	33567	32429
0:06:45	30.0	4806	31571	5668	32698	8520	35093	12587	36133	17205	36797	20108	36963	26751	37747	29969	33303	32266
0:06:54	30.0	4761	31601	5658	32619	8568	35085	12484	35929	17210	36531	20187	37272	26565	37759	30265	33491	32190
0:07:03	30.0	4795	31618	5630	32618	8511	35380	12421	35818	17067	36723	20103	37228	26652	37590	29843	33400	32410
0:07:12	30.0	4778	31670	5628	32861	8501	35143	12503	35673	17205	36549	20326	37012	26658	37547	29931	33338	32074
0:07:21	30.0	4797	31462	5633	32666	8509	34941	12510	35570	17087	36391	20207	36858	26477	37605	29895	33102	32404
0:07:30	30.0	4775	31432	5608	32643	8423	34825	12465	35674	17137	36554	20125	37440	26569	37709	30003	33289	32336
0:07:39	30.0	4775	31532	5660	32657	8487	35196	12478	35717	17130	36358	20210	37008	26584	37642	29981	33223	32242
0:07:48	30.0	4778	31603	5629	32586	8496	34697	12532	35779	17077	36682	20166	37096	26414	37759	29961	33308	32456
0:07:57	30.0	4807	31488	5592	32507	8537	34750	12475	35814	17140	36280	20209	36887	26473	37630	29887	33009	32425
0:08:06	30.0	4787	31337	5660	32658	8457	34985	12452	35849	17146	36377	20166	37057	26373	37502	29766	33293	32075
0:08:15	30.0	4815	31472	5626	32383	8474	34814	12447	35806	17082	36538	20131	36603	26401	37662	29903	33264	32101
0:08:24	30.0	4800	31668	5675	32500	8493	34852	12483	35782	17140	36222	20195	37167	26644	37389	29886	33226	32048
0:08:33	30.0	4801	31432	5646	32414	8436	34647	12428	35895	17132	36237	20110	36969	26466	37462	29646	33226	32397
0:08:42	30.0	4782	31479	5641	32460	8476	34807	12482	35799	17049	36305	20028	36839	26530	37317	29982	32967	32198
0:08:51	30.0	4811	31463	5607	32448	8448	34920	12421	35628	17089	36218	20139	36971	26537	37335	30114	33112	32080
0:09:00	30.0	4796	31270	5634	32442	8451	34699	12431	35502	17046	36288	20047	36477	26359	37283	29855	33013	31980
0:09:09	30.0	4792	31322	5621	32596	8469	34666	12419	35829	16957	36342	19997	36663	26540	37458	29821	33130	32128
0:09:18	30.0	4781	31350	5681	32488	8484	34890	12460	35496	17137	36484	20035	36535	26482	37627	29801	33019	32130
0:09:27	30.0	4750	31529	5650	32467	8468	34523	12470	35724	17063	36406	20083	36802	26408	37219	29594	33295	32048
0:09:36	30.0	4856	31526	5604	32245	8426	34615	12351	35432	17161	36324	20087	36877	26402	37028	29769	33357	32054
0:09:45	30.0	4779	31435	5675	32475	8451	34814	12468	35339	16962	36109	20022	36724	26589	37421	29971	33096	31873
0:09:54	30.0	4780	31356	5703	32176	8412	34580	12432	35411	17204	36113	19929	36836	26227	37261	29729	33057	32137

Results
	1	2	3	4	5	6	7	8	9	10	11	12
A	720000.000	-3153333.333	-626666.667	-3406666.667	1166666.667	-3326666.667	1453333.333	3426666.667	-1846666.667	4060000.000	-1853333.333	3880000.000	Max V [425,457]
	1.000	1.000	1.000	1.000	1.000	1.000	1.000	1.000	1.000	1.000	1.000	1.000	R-Squared [425,457]
	0:04:44	0:00:50	0:04:35	0:00:32	0:05:29	0:07:44	0:00:05	0:03:59	0:03:59	0:05:11	0:05:38	0:07:26	t at Max V [425,457]
	0:04:38	0:00:51	0:04:43	0:00:36	0:05:31	0:07:19	0:00:00	0:04:14	0:03:50	0:05:28	0:05:25	0:07:39	Lagtime [425,457]
B	-2413333.333	-3073333.333	-3046666.667		-3653333.333	2620000.000							Max V [425,457]
	1.000	1.000	1.000		1.000	1.000							R-Squared [425,457]
	0:09:50	0:01:53	0:06:41		0:05:47	0:00:05							t at Max V [425,457]
	0:09:30	0:01:45	0:06:21		0:05:35	0:00:00							Lagtime [425,457]
C													Max V [425,457]
													R-Squared [425,457]
													t at Max V [425,457]
													Lagtime [425,457]
D													Max V [425,457]
													R-Squared [425,457]
													t at Max V [425,457]
													Lagtime [425,457]
E													Max V [425,457]
													R-Squared [425,457]
													t at Max V [425,457]
													Lagtime [425,457]
F													Max V [425,457]
													R-Squared [425,457]
													t at Max V [425,457]
													Lagtime [425,457]
G													Max V [425,457]
													R-Squared [425,457]
													t at Max V [425,457]
													Lagtime [425,457]
H													Max V [425,457]
													R-Squared [425,457]
													t at Max V [425,457]
													Lagtime [425,457]

