plate	well	prot	fin.Ran.conc	Ran.volume	sensor.V	Ran.premix.buffer.volume	GAP.stock	GAP.working	Ran.premix.to.add	GAP.V	date
1	C1	WT	5	9.04	19.36	82	10	1	90	10	20210117
1	C2	WT	5	9.04	19.36	82	10	1	90	10	20210117
1	C3	G35D	5	5.82	19.36	85	10	1	90	10	20210117
1	C4	G35D	5	5.82	19.36	85	10	1	90	10	20210117
1	C5	G35A	5	12.68	19.36	78	10	1	90	10	20210117
1	C6	G35A	5	12.68	19.36	78	10	1	90	10	20210117
1	C7	WT	5	9.79	19.36	81	10	1	90	10	20210117
1	C8	WT	5	9.79	19.36	81	10	1	90	10	20210117
1	C9	G35D	5	4.12	19.36	87	10	1	90	10	20210117
1	C10	G35D	5	4.12	19.36	87	10	1	90	10	20210117
1	C11	G35A	5	8.71	19.36	82	10	1	90	10	20210117
1	C12	G35A	5	8.71	19.36	82	10	1	90	10	20210117
