plate	well	prot	fin.Ran.conc	Ran.volume	sensor.V	Ran.premix.buffer.volume	GAP.stock	GAP.working	Ran.premix.to.add	GAP.V	date
1	E1	F54A	5	13.81	19.36	77	10	1	90	10	20210118
1	E2	F54A	5	13.81	19.36	77	10	1	90	10	20210118
1	E3	F54K	5	24.59	19.36	66	10	1	90	10	20210118
1	E4	F54K	5	24.59	19.36	66	10	1	90	10	20210118
1	E5	F54W	5	15.39	19.36	75	10	1	90	10	20210118
1	E6	F54W	5	15.39	19.36	75	10	1	90	10	20210118
1	E7	F54A	5	13.97	19.36	77	10	1	90	10	20210118
1	E8	F54A	5	13.97	19.36	77	10	1	90	10	20210118
1	E9	F54K	5	28.81	19.36	62	10	1	90	10	20210118
1	E10	F54K	5	28.81	19.36	62	10	1	90	10	20210118
1	E11	F54W	5	20.3	19.36	70	10	1	90	10	20210118
1	E12	F54W	5	20.3	19.36	70	10	1	90	10	20210118
