mutant	mean_kcat	kcat_se	mean_Km	Km_se	mean_kcat_Km	se
F159L	9.1149376385	1.3121538715	0.2156653811	0.06583804199999999	44.559615911050074	7.518888678770811
F159W	12.194720402	8.511409148	5.2641140805	3.7840934074999995	2.3885562181301347	0.10013283952602103
F163L	5.6107575050000005	1.0637660099999997	0.17724560145	0.054331097050000006	32.90760495852462	4.085518979092628
F28V	4.228000866	0.9689128430000002	0.07918967628750001	0.0735169165125	304.27372477475984	270.2417055036181
F28Y	6.3670210285	1.8308648974999997	0.14880516076	0.06738506914	46.81638112806562	8.896601266635358
F54A	12.61902397	1.6376112899999997	0.2480654082	0.057515079299999994	52.14212884784081	5.4878565916647695
F54K	13.518026185	3.110448355	0.2828194544	0.04504452469999999	47.24415630854342	3.4734448919478425
F54W	14.648773245	3.2075299049999995	0.50129081835	0.09882479074999997	29.091310373603545	0.6634616723682214
G35A	31.50808986	0.8867615199999985	0.8966892066500001	0.08232533395000002	35.34538764752933	2.256143273133773
G35D	26.86047145	1.291376510000001	0.50730191375	0.05106601725000001	53.230840175457814	2.8127441548251433
WT	21.84308211333333	5.655763758109204	0.4299972080333333	0.08542999646407706	49.229439467721186	5.2995163419308255
