plate	well	prot	fin.Ran.conc	Ran.volume	sensor.V	Ran.premix.buffer.volume	GAP.stock	GAP.working	Ran.premix.to.add	GAP.V	date
1	G1	F159L	5	3.69	19.36	87	10	1	90	10	20210119
1	G2	F159L	5	3.69	19.36	87	10	1	90	10	20210119
1	G3	F159W	5	13.5	19.36	77	10	1	90	10	20210119
1	G4	F159W	5	13.5	19.36	77	10	1	90	10	20210119
1	G5	F163L	5	2.6	19.36	88	10	1	90	10	20210119
1	G6	F163L	5	2.6	19.36	88	10	1	90	10	20210119
1	G7	F159L	5	2.88	19.36	88	10	1	90	10	20210119
1	G8	F159L	5	2.88	19.36	88	10	1	90	10	20210119
1	G9	F159W	5	14.3	19.36	76	10	1	90	10	20210119
1	G10	F159W	5	14.3	19.36	76	10	1	90	10	20210119
1	G11	F163L	5	2.27	19.36	88	10	1	90	10	20210119
1	G12	F163L	5	2.27	19.36	88	10	1	90	10	20210119
